	Br2063	Br2582	Br2378	Br5066	Br5154	Br5182	Br5205	Br5228	Br5250	Br5262	Br2464	Br2470	Br5324	Br5200	Br5292	Br5367	Br1351	Br1750	Br2476	Br2534	Br2353	Br5161	Br5165	Br5287	Br5005	Br5212	Br5235	Br2073	Br2346	Br2291	Br2337	Br5314	Br2421	Br2423	Br2052	Br2371	Br2039	Br2027	Br2001	Br2322	Br2454	Br2425	Br2474	Br2521	Br2542	Br2557	Br2573	Br5276	Br5280	Br5348	Br1204	Br1384	Br1436	Br1469	Br1365	Br1587	Br1493	Br1890	Br1225	Br1243	Br1279	Br1203	Br1214	Br1304	Br1842	Br1936	Br1909	Br1923	Br1995	Br1998	Br2005	Br1960	Br1980	Br1987	Br1417	Br1093	Br1113	Br0922	Br1023	Br1183	Br1624	Br1373	Br1498	Br1518	Br1524	Br1526	Br1016	Br1109	Br1602	Br1678	Br1682	Br1684	Br1761	Br1637	Br1857	Br1876	Br1881	Br1847	Br1854	Br1879	Br1697	Br1738	Br1858	Br1859	Br1880	Br1966	Br1878	Br1961	Br1558	Br1649	Br1753	Br1613	Br1695	Br1735	Br1553	Br1670	Br1412	Br1245	Br1288	Br1648	Br1350	Br1370	Br1389	Br1446	Br1383	Br1416	Br1425	Br1432	Br1339	Br1139	Br1378	Br1529	Br1591	Br1271	Br1356	Br1443	Br1453	Br1487	Br1409	Br1499	Br1594	Br1034	Br1427	Br1463	Br1474	Br1458	Br1512	Br1581	Br1706	Br1092	Br1532	Br1565	Br1568	Br1654	Br1550	Br1669	Br1033	Br1507	Br1610	Br1676	Br1578	Br1946	Br2015	Br2026	Br2044	Br1958	Br2080	Br2084	Br2242	Br2292	Br2009	Br2257	Br2271	Br2285	Br2288
SNP_PC1	-0.00393103	-0.00803537	0.0543991	0.00277253	0.000362364	-0.00854097	0.0222764	-0.00524639	-0.00429129	-0.00811871	-0.0105909	-0.00461103	-0.00419164	-0.00243465	-0.00969462	-0.00187496	-0.000892231	-0.0113369	-0.00575524	-0.00788522	-0.00686926	-0.00878819	-0.000652274	-0.00157739	0.0420922	-0.0075329	0.0153548	-0.00123185	-0.00874616	-0.00707966	-0.0075339	-0.00743082	-0.0110804	-0.00518869	0.00469395	-0.010877	0.0277483	0.0149458	-0.00841288	-0.0127437	-0.00902018	-0.0107728	0.0135166	-0.0100673	-0.0111496	0.00569124	-0.00364531	-0.00819243	-0.0117965	-0.00542227	-0.00654461	0.0419914	0.0331909	-0.00822276	-0.00831398	-0.00569328	-0.0112264	0.0123051	0.0427852	0.111378	-0.00183629	-0.0070475	-0.0057542	-0.00537797	-0.00812942	-0.000588209	-0.00623203	-0.00626776	-0.0108209	-0.00113897	-0.00250344	-0.00633823	0.00206329	0.00958993	-0.00634153	-0.00484183	0.028523	5.32662e-05	0.0441544	-0.00811196	-0.00353607	-0.0042961	-0.00656618	-0.00151466	-0.00702879	-0.00319378	-0.00206243	-0.00444423	-0.00880518	-0.0116439	-0.00900184	0.0414601	-0.0123834	-0.0061812	-0.00976009	-0.00858847	-0.00610448	-0.00573405	-0.00349129	0.0211129	0.0149318	-0.00632811	-0.00514259	-0.00895567	-0.00113853	-0.00313502	0.000328886	-0.00936162	0.000211721	0.0351322	-0.00634021	-0.00782768	0.040123	-0.00654377	-0.00663361	-0.00390631	-0.00567097	0.0307813	-0.00632616	-0.00725998	0.0148438	-0.00792166	0.00674963	0.00880641	0.00223331	-0.00224336	-0.00921505	-0.00640604	-0.00553373	-0.0105834	0.0108138	-0.00987877	-0.00621569	-0.0025221	-0.00370747	-0.0101869	0.0459176	-0.00372919	0.0143215	0.00279159	-0.005265	-0.00537136	0.0414255	0.000383558	0.025805	-0.0104739	-0.00606868	-0.00367868	-0.00224067	-0.00101845	0.0108018	-0.00964569	-0.0107417	0.0435543	0.000114937	-0.00840988	-0.00277948	0.00177049	0.0976564	0.0345674	-0.0107822	-0.00747254	0.0173331	-0.0110249	-0.00718174	-0.00150171	-0.00313137	0.0106175	-0.00350412	-0.0022168	-0.00625338	0.0404175	-0.011198	-0.00834528	-0.0071224
SNP_PC2	0.00574652	-0.00927992	-0.0559299	0.0150363	0.0137224	0.00034456	0.0528062	0.00116074	-0.00313014	-0.00401826	-0.0124654	-0.00714756	0.00541449	-0.0086909	-0.00325906	0.00653114	0.0130397	-0.0115854	-0.0064289	-0.00526456	0.000137122	-0.00271127	-0.0129409	-0.015026	0.120499	0.00685639	0.030505	0.00149203	-0.00963368	0.00345714	-0.00719529	-0.00838273	-0.00998665	0.00266046	0.0132516	-0.0183166	-0.0103725	0.0548679	-0.00158386	-0.0128641	-0.00438263	-0.00865618	0.0402383	-0.0100092	-0.00951911	-0.014477	-0.0101542	-0.0155405	-0.0106602	-0.00246813	-0.00146344	0.122623	-0.0183912	-0.00239405	-0.00856701	-0.0100568	-0.0172459	0.0435404	0.123787	-0.0224393	-0.0111445	-0.0086062	-0.00408158	-0.00941365	-0.000792218	0.00182801	-0.00855844	-0.00408291	-0.0105331	0.0036327	0.0120932	-0.00287831	0.00606532	0.0302291	0.00220866	-0.00142095	0.000140697	-0.0108955	0.118148	-0.00206009	0.00189066	-0.00308922	-0.00282935	-0.00976493	-0.0163837	-0.00113067	0.0162247	-0.00295523	-0.00691782	-0.0164435	-0.00995369	0.121613	-0.00858101	-0.0119402	-0.0140963	-0.00890379	-0.00717556	-0.00885378	0.000956915	0.0615881	0.050957	-0.00742208	-0.00792972	-0.00347292	-0.0169752	0.0105304	0.00200415	-0.0100721	-0.00342158	-0.0220336	-0.00332548	-0.00125002	0.117119	-0.00729773	0.000932712	0.00819381	-0.00846998	0.0709653	-0.00704057	-0.00526728	0.0325791	-0.00766548	0.0129297	0.0289275	0.0225307	-0.0176825	-0.00287673	-0.0111591	-0.00346311	-0.0106964	0.0341691	-0.0120555	-0.00703034	-0.00383056	-0.00620329	-0.0127248	-0.02111	-0.00286742	0.0329232	0.0120389	-0.0058679	0.00664888	0.0461156	0.000660291	0.0335269	-0.00759532	-0.00976509	-0.000759603	0.00862885	-0.00249987	0.027569	-0.00779296	-0.000918641	0.118357	0.00373521	-0.00570682	0.00388058	0.00753181	-0.0711307	0.116775	-0.0133652	-0.0125985	0.0559828	-0.0157704	-0.00578215	0.000261064	0.00222314	0.0262213	0.00128561	0.00221267	-0.00780835	0.114386	-0.0101962	-0.0107912	-0.00620485
SNP_PC3	0.00204328	-0.000460034	0.114326	0.00216451	0.00599836	-0.0077846	-0.0010186	-0.00650575	-0.00568222	-0.00449718	-0.000220566	0.000413109	-0.00378461	-0.00617475	0.000521661	-0.00756054	0.000605854	-0.00893908	0.00269223	-0.0031169	-0.00552521	-0.0102949	-0.00912568	-0.00724743	0.0117996	-0.000128314	-0.0031506	-0.00280402	-0.00296736	-0.000898685	0.00081797	-0.00756508	-0.00814228	-0.00891902	0.00162468	-0.00148252	0.0349561	0.00285239	-0.00370578	-0.00317034	-0.00438412	-0.00319766	-0.00185013	-0.00340032	0.000971897	-0.0130201	0.00257029	-0.0116892	0.00309456	-0.0082135	-0.00294056	0.0126388	0.0452915	-0.00533507	-0.00814999	-0.00139412	-0.0015526	-0.000699733	0.0132043	0.114441	0.00519037	-0.00220672	-0.00297066	-0.00629146	-0.00380578	-0.00110768	0.00285487	0.000292455	-0.00379471	-0.00543609	-0.00944609	-0.00467153	-0.00259543	0.0104715	-0.00393371	-0.00741066	-0.0189991	0.00516521	0.0146055	-0.0105454	0.00342893	-0.00593422	-0.0013485	-0.00920952	-0.00283932	-0.000189797	0.00450021	-0.00450761	-0.0121864	-0.00226446	-0.0027322	0.0220622	-0.00516544	1.92902e-06	0.00143151	-0.00905842	0.00417486	-0.000804334	-0.000533084	0.00616487	0.00586855	-0.00700208	-0.00044362	0.000500568	0.00600161	-0.00479746	0.000462881	-0.00165881	-0.007151	0.0547889	-0.00339388	-0.00316177	0.0198456	-0.00330649	-0.00351859	-0.00515225	-0.000612666	-0.000560425	-0.00655633	-0.00650757	0.0137566	0.000847336	-0.0113723	0.00338938	-0.000482741	0.0179161	-0.0064711	-0.00487699	-0.0019399	0.00129976	0.00312181	-0.00402665	0.00190776	0.00279581	0.00182919	-0.00516547	0.0365122	-0.000756628	-0.00574803	0.00884062	0.00452883	0.00160894	-0.0125143	0.00747535	0.0020215	-0.00728349	-0.000370411	-0.0041967	0.000284556	0.00521082	0.0113864	-0.00342662	-0.00501394	0.0247752	-0.00920833	-0.00540583	0.00143316	0.00203824	0.17099	0.0212152	-0.00627219	-0.00218362	0.00476197	-0.00673824	-0.0110275	-0.00468931	-0.00486612	-0.00978188	-0.00363399	0.00304419	-0.00984616	0.0143086	-0.006392	-0.00194201	0.000795304
SNP_PC4	-0.00496558	0.00976072	-0.00751215	-0.00985371	-0.00258682	0.0099037	0.00728816	0.00839323	0.00381527	0.00911132	-0.00194247	-0.0079015	0.00412831	0.0047553	0.00553349	-0.0100819	0.00646933	0.00593894	-0.0128878	-0.000282376	0.00547275	0.00500747	0.012095	0.00390475	-0.00254276	0.00881407	0.00794358	0.0168033	-0.00675039	-0.00373545	-0.00342409	0.00543373	-0.000155392	0.0069527	-0.00509067	0.00898238	-0.0101053	0.0131157	0.00762379	0.00709652	-0.00691478	-0.00044396	0.0160023	0.00718409	-0.0136482	0.00343816	-0.022155	0.00360164	-0.0140327	-0.00180481	0.00556689	-0.0037083	0.00386032	0.00922683	0.00489856	0.00408973	0.0101589	0.0102782	-0.0104652	-0.000789926	0.00739412	0.00115064	0.00296659	0.01639	0.00971163	-0.00200951	0.010124	-0.0144121	0.00236161	-0.000245392	0.00804305	0.00964756	0.00580271	-0.00135846	-0.00145911	0.00307332	0.00473655	-0.0139156	-0.00107632	-0.00238451	-0.0102098	0.000628157	0.00777073	0.0122649	0.0130438	0.00762439	0.0101257	0.00694746	-0.00405002	-0.0100221	0.0134848	0.00616431	0.00998654	0.00297431	0.00573641	0.00228822	-0.0101107	0.00190746	0.00429933	-0.00972775	0.00641724	0.0051219	0.00406197	-0.00938491	-6.8291e-05	-0.0020388	-0.00226226	0.0034872	-0.00462157	-0.00398603	0.00289457	-0.00672084	-0.013088	-0.000378964	0.0034713	0.00806145	0.00252141	0.00703378	0.0104045	-0.000384917	-0.00960337	0.013909	0.00224901	0.0126176	-0.000650996	0.0043151	0.00871557	7.98288e-05	-0.00514697	0.00254499	0.0018491	-0.00739077	-0.00192272	-0.0207166	-0.0260239	0.000752154	-0.010139	-0.0027687	-0.000911174	-0.0180079	0.00560191	-0.00936537	-0.00554631	-0.0150438	0.00476126	0.00340522	0.00575438	0.00305904	-0.00896377	-0.0134645	0.00488289	0.00208463	-0.00364583	0.00412224	0.0162725	0.0197856	-0.0130773	-0.00592466	0.00104482	-0.00246413	0.00235977	-0.0158725	0.00439572	0.0148454	0.00431806	0.00155904	0.0167539	0.00677634	0.00452463	0.00976211	-0.00132578	0.00696835	0.0030765	-0.0054032	-0.00447222
SNP_PC5	-0.0274654	0.00278209	0.0234577	-0.0372584	0.014832	0.0164669	-0.0139906	-0.000143569	0.0142132	-0.0142214	-0.0029565	-0.00896283	0.00149499	0.0212771	-0.00602412	0.0252652	-0.0069053	0.0202472	-0.0874734	0.0196987	0.00531473	-0.00141994	0.0115447	0.0282955	-0.00910361	0.00912613	0.0148172	-0.00467228	-0.0386695	0.00211917	0.00646973	0.0153334	0.037021	0.00254784	-0.0209182	0.0296242	-0.072334	0.0251616	0.0246341	0.0358601	0.00989485	0.00524012	0.0310663	0.00836182	-0.0896144	0.00183343	-0.0951784	0.0239518	0.0238785	-0.0133066	0.0189882	-0.00699323	0.017334	-0.000580785	0.0182421	0.0274946	0.0139611	0.00466762	0.0134177	-0.0136124	0.0142118	-0.00315698	0.0246976	0.0195898	0.00611552	0.00492184	0.0092709	-0.041357	-0.00563876	0.0128872	0.00603952	-0.0240178	0.0130413	0.00270585	0.00693238	-0.0176664	0.0310797	-0.131564	-0.0106683	0.0167652	-0.0145984	0.00200793	0.0203871	0.00454306	0.0144236	-0.021472	-0.011593	0.00269267	0.0250724	0.00862866	0.0189518	-0.0183262	0.013703	-0.00616043	0.0141824	-0.0224472	-0.0385257	-0.00897138	0.0114462	-0.0386925	0.025019	0.00920619	0.00415053	0.016294	-0.0234479	0.0159503	-0.0133835	0.0148355	-0.0135972	0.0268986	-0.0488295	-0.00245882	0.00251595	0.024561	0.00843695	0.00610251	-0.0475875	0.00895545	0.0216792	0.0248883	-0.0471533	-0.00657697	0.0319365	0.0141906	0.00309376	0.00670616	0.0172307	0.00390466	-0.0392255	0.00984033	0.0172164	0.000360628	0.00178059	-0.0844361	-0.0488929	-0.0264618	0.0210855	-0.02004	-0.00324762	-0.0587534	0.0273897	-0.0164119	-0.00837824	-0.0482197	-0.00556602	0.0102203	0.0143207	0.00611503	-0.000613282	-0.124691	-0.0422965	0.00827292	0.0314098	0.00191821	0.00165469	-0.0016738	-0.0431083	-0.00852329	0.0323574	0.00832737	0.0237781	-0.0431298	0.00698317	0.0397206	0.00636519	0.00453537	0.012066	-0.0108623	-0.00427574	0.0114191	-0.0113609	-0.00107631	0.0363559	0.00337103	-0.0198982
RIN	5.9	9.2	7.4	8.6	6.4	8.2	9.0	8.2	7.3	8.1	7.1	7.2	8.0	9.1	9.5	6.6	8.0	7.8	7.2	6.9	7.3	8.8	6.6	9.0	8.1	8.2	5.9	6.8	9.0	6.0	6.6	6.5	8.3	8.6	8.3	7.1	6.4	6.4	7.4	5.9	7.6	6.9	5.8	7.2	7.5	5.9	7.5	5.6	7.8	7.3	7.8	7.9	8.7	6.9	5.9	5.0	5.1	7.8	7.7	8.1	8.4	9.1	8.6	8.0	8.4	7.3	9.1	7.3	8.4	8.1	8.8	8.1	7.0	6.6	8.5	5.6	7.9	7.4	7.4	8.4	6.4	9.7	7.3	9.3	8.8	6.8	8.8	8.1	6.0	7.9	8.1	7.8	9.1	6.9	7.1	8.4	8.8	5.6	5.6	8.9	8.0	5.5	8.4	8.2	7.8	8.0	7.4	8.8	7.0	8.0	7.2	8.2	7.3	8.0	7.1	8.6	7.8	7.6	7.1	6.6	6.9	7.7	8.7	7.3	7.9	8.0	8.4	7.3	7.2	7.2	8.8	7.3	7.5	8.4	8.2	7.6	5.4	6.9	8.5	7.9	5.9	8.6	7.7	8.8	8.3	8.4	8.1	7.7	8.4	9.2	8.7	7.5	7.4	9.0	8.1	8.6	8.5	8.5	8.2	5.2	6.1	6.7	7.8	6.5	7.8	8.3	8.2	6.4	7.8	6.3	6.8	6.9	7.3	8.2	8.1
mito_rate	0.18831180218715587	0.30675858918196663	0.18986808885018247	0.2062106346545885	0.20993058275435647	0.2100465558075655	0.1658559576795616	0.19140534891963334	0.1708923001607759	0.1557475651089721	0.12720781920153051	0.25012390274076685	0.21834447280687386	0.18774717099692714	0.18890051781053877	0.18736082640667473	0.16499121616151508	0.18683440490154304	0.18716838204148223	0.19535408584273087	0.14781970004757863	0.15742403115392958	0.21464693517081687	0.21560219221801175	0.20313749328212793	0.1876391209086773	0.19060452443081083	0.18368446922326526	0.1789147792417839	0.1988089708880886	0.1923579260218971	0.2095795169696058	0.21358078390434854	0.1883440822063118	0.2071465581442761	0.18434861522219748	0.20670883901344697	0.20690099224196065	0.1570579485412937	0.189859702963604	0.20686712239199773	0.18637886361675612	0.20504396501817165	0.1752105253374577	0.1651517488143674	0.20034490575176045	0.1624578644179032	0.25933404810615307	0.20526506769198835	0.16524664637808065	0.28555333197446725	0.27627687024593206	0.23979566230161187	0.18676793322050766	0.34926605883598694	0.39008846819300463	0.26492094692182927	0.2970426000954813	0.20645767513499544	0.2044376543968802	0.18373621140714091	0.19842294681924857	0.017521403005898557	0.020406216787829133	0.18669628085827475	0.17996763906783772	0.01390476137772457	0.19608903979813905	0.24469672806982132	0.17980846551782026	0.2132344491018971	0.016074830750102954	0.2560940913694893	0.012067899847945231	0.18251034349284748	0.23190898360906775	0.015568867474529232	0.22153006308436196	0.014340564982489298	0.20335797372819792	0.34367074382852064	0.08998731255188111	0.20612172196254946	0.2514230435204003	0.2517591159278777	0.1686673423330276	0.22521635713608926	0.014574345048995175	0.2014779197411455	0.15790872410332063	0.1966006374170821	0.1607860283244002	0.19298481002128334	0.17046227826071148	0.26957302712586884	0.18390024962059917	0.1913320797098701	0.23278261124763025	0.156870005510696	0.20257863802601794	0.23440349910545288	0.16051752934415736	0.279552656724899	0.18158866503382354	0.18876522862352532	0.20437526346737947	0.24832334157104166	0.18554300215413172	0.15410404015138093	0.21779396034230025	0.15671430591157512	0.018840423993488817	0.013682919720343632	0.16607775348574402	0.22239948719847796	0.28242565776022643	0.1508205528337238	0.17438598170316771	0.18548924831373176	0.19963547243209415	0.15819061702463405	0.21671278597676757	0.214685199939733	0.22919509801872306	0.24875428626975019	0.2229772795208396	0.18585989265126393	0.17822072800382696	0.2172317774029955	0.1588916478214862	0.26346497121843954	0.20283031812206465	0.14341912293419457	0.1551799872391012	0.1785015166393259	0.01580078634524875	0.22893894530129105	0.1458625116608265	0.23337515841715548	0.22034329125021682	0.20762031192578745	0.013545406058246548	0.18197362403188902	0.21913306929076565	0.17550978100624776	0.17808792241103877	0.25068565965467826	0.21715220350192238	0.21158188922824378	0.19069481873068092	0.21373500678778937	0.20460030285659134	0.23189671195926176	0.016235144924917132	0.17832862639384253	0.012543271653943117	0.2075609662214619	0.2086153753131242	0.19465339036947502	0.1846727891850899	0.13227931164126863	0.13024242504119693	0.22131657594550738	0.016475611324820526	0.16917521329716126	0.1742795223154654	0.18781024989647366	0.22894095440562032	0.18875975092548444	0.22076405045061104	0.22618528045244146	0.011306778170534883	0.1789003794237978	0.2184504695563294	0.24189481932744744
mapping_rate	0.959978	0.96253	0.958259	0.964368	0.960641	0.960623	0.961639	0.965821	0.961718	0.966261	0.973881	0.972266	0.973394	0.973703	0.973806	0.974452	0.979129	0.96763	0.977441	0.97612	0.975456	0.960987	0.960131	0.977833	0.965898	0.9771	0.977605	0.98048	0.982776	0.982826	0.98062	0.979745	0.98162	0.979505	0.980414	0.983684	0.978615	0.979574	0.98199	0.979521	0.983465	0.980874	0.978408	0.980491	0.980681	0.977905	0.976283	0.976247	0.977203	0.972917	0.950542	0.957267	0.967816	0.980468	0.971829	0.95563	0.962452	0.957856	0.971524	0.974404	0.968844	0.9665	0.966883	0.963427	0.971613	0.971791	0.972283	0.974629	0.981808	0.973035	0.979242	0.968904	0.957891	0.974343	0.972476	0.975056	0.976727	0.980888	0.973346	0.972389	0.952911	0.959669	0.969975	0.96059	0.964066	0.967328	0.962322	0.976362	0.967172	0.973373	0.973366	0.978764	0.982321	0.967904	0.967282	0.967721	0.97963	0.969476	0.974521	0.969825	0.957819	0.96539	0.958546	0.976995	0.970585	0.974633	0.965251	0.974979	0.972715	0.973553	0.973996	0.972514	0.954594	0.972051	0.975788	0.980825	0.971146	0.966344	0.960102	0.973916	0.975587	0.978812	0.977862	0.95682	0.977213	0.968298	0.972533	0.960675	0.961616	0.966542	0.979435	0.970772	0.975901	0.974722	0.972889	0.972445	0.956787	0.969404	0.976621	0.96805	0.973952	0.973859	0.976302	0.964626	0.967815	0.977854	0.961328	0.968169	0.96215	0.968467	0.961305	0.963676	0.975211	0.978263	0.968812	0.972798	0.96011	0.970023	0.9665	0.959596	0.973967	0.970361	0.972653	0.975627	0.970788	0.981084	0.983424	0.959126	0.968389	0.963544	0.973182	0.968534	0.959902	0.971674	0.97801
Sex_M	1.0	1.0	1.0	1.0	1.0	1.0	1.0	0.0	1.0	1.0	1.0	0.0	1.0	1.0	1.0	0.0	1.0	1.0	1.0	1.0	1.0	1.0	1.0	1.0	0.0	1.0	1.0	0.0	1.0	1.0	1.0	0.0	1.0	1.0	1.0	1.0	1.0	1.0	0.0	1.0	0.0	1.0	1.0	1.0	1.0	1.0	1.0	1.0	0.0	1.0	1.0	1.0	1.0	1.0	0.0	0.0	0.0	1.0	1.0	1.0	1.0	1.0	1.0	1.0	1.0	1.0	1.0	1.0	1.0	0.0	1.0	1.0	1.0	1.0	0.0	0.0	0.0	1.0	1.0	0.0	0.0	0.0	0.0	1.0	0.0	1.0	1.0	0.0	0.0	1.0	1.0	0.0	1.0	1.0	0.0	1.0	1.0	1.0	1.0	0.0	1.0	1.0	1.0	1.0	1.0	1.0	1.0	1.0	0.0	1.0	0.0	1.0	1.0	1.0	0.0	0.0	0.0	1.0	1.0	0.0	1.0	1.0	1.0	1.0	1.0	1.0	1.0	1.0	0.0	0.0	1.0	1.0	1.0	1.0	1.0	1.0	0.0	1.0	0.0	0.0	1.0	1.0	1.0	1.0	0.0	1.0	0.0	1.0	1.0	1.0	1.0	1.0	1.0	1.0	1.0	0.0	0.0	1.0	1.0	1.0	1.0	0.0	1.0	1.0	1.0	0.0	1.0	1.0	0.0	1.0	1.0	1.0	1.0	1.0	1.0
Dx_MDD	0.0	0.0	0.0	0.0	0.0	0.0	0.0	0.0	0.0	0.0	0.0	0.0	0.0	0.0	0.0	0.0	0.0	0.0	0.0	0.0	0.0	0.0	0.0	0.0	0.0	0.0	0.0	0.0	0.0	0.0	0.0	0.0	0.0	0.0	0.0	0.0	0.0	0.0	0.0	0.0	0.0	0.0	0.0	0.0	0.0	0.0	0.0	0.0	0.0	0.0	0.0	0.0	0.0	0.0	0.0	0.0	0.0	0.0	0.0	0.0	0.0	0.0	0.0	0.0	0.0	0.0	0.0	0.0	0.0	0.0	0.0	0.0	0.0	0.0	0.0	0.0	0.0	0.0	0.0	0.0	0.0	1.0	0.0	0.0	0.0	0.0	0.0	0.0	0.0	0.0	0.0	0.0	0.0	0.0	0.0	0.0	0.0	0.0	0.0	0.0	0.0	0.0	0.0	0.0	0.0	0.0	0.0	0.0	0.0	0.0	0.0	0.0	0.0	0.0	0.0	0.0	0.0	0.0	0.0	0.0	0.0	0.0	0.0	0.0	0.0	0.0	0.0	0.0	0.0	0.0	0.0	0.0	0.0	0.0	0.0	0.0	0.0	0.0	0.0	0.0	0.0	0.0	0.0	0.0	0.0	0.0	0.0	0.0	0.0	0.0	0.0	0.0	0.0	0.0	0.0	0.0	0.0	0.0	0.0	0.0	0.0	0.0	0.0	0.0	0.0	0.0	0.0	0.0	0.0	0.0	0.0	0.0	0.0	0.0	0.0
Dx_SCZD	0.0	0.0	1.0	0.0	0.0	0.0	0.0	0.0	0.0	0.0	1.0	1.0	0.0	0.0	0.0	0.0	0.0	0.0	0.0	0.0	1.0	0.0	0.0	0.0	0.0	0.0	0.0	1.0	1.0	1.0	1.0	0.0	1.0	1.0	0.0	0.0	1.0	1.0	1.0	0.0	0.0	0.0	0.0	0.0	0.0	0.0	0.0	0.0	0.0	0.0	0.0	0.0	1.0	0.0	0.0	0.0	0.0	0.0	0.0	0.0	0.0	1.0	0.0	0.0	1.0	0.0	0.0	1.0	0.0	0.0	0.0	0.0	0.0	0.0	1.0	1.0	0.0	0.0	0.0	1.0	1.0	0.0	1.0	0.0	0.0	1.0	1.0	0.0	1.0	1.0	1.0	1.0	0.0	1.0	0.0	0.0	0.0	0.0	0.0	0.0	0.0	1.0	0.0	0.0	0.0	0.0	0.0	0.0	0.0	0.0	0.0	0.0	0.0	0.0	0.0	0.0	0.0	1.0	0.0	1.0	0.0	1.0	0.0	0.0	1.0	1.0	1.0	0.0	1.0	1.0	0.0	1.0	1.0	0.0	0.0	0.0	1.0	1.0	0.0	1.0	1.0	0.0	1.0	0.0	0.0	0.0	0.0	0.0	0.0	0.0	0.0	0.0	0.0	0.0	0.0	0.0	0.0	1.0	1.0	1.0	1.0	1.0	0.0	0.0	0.0	1.0	0.0	0.0	1.0	1.0	1.0	0.0	1.0	0.0	0.0
