	Br5168	Br5073	Br5217	Br5234	Br5372	Br5005	Br5024	Br5053	Br5146	Br5154	Br5155	Br5161	Br1003	Br1006	Br1007	Br1017	Br1021	Br1023	Br1025	Br1030	Br1034	Br1051	Br1053	Br1054	Br1056	Br1069	Br1084	Br1093	Br1096	Br1099	Br1102	Br1105	Br1111	Br1113	Br1119	Br1134	Br1135	Br1137	Br1139	Br1142	Br1143	Br1156	Br1157	Br1160	Br1164	Br1183	Br1185	Br1203	Br1214	Br1221	Br1228	Br1235	Br1243	Br1249	Br1264	Br1271	Br1275	Br1279	Br1280	Br1285	Br1288	Br1289	Br1297	Br1303	Br1305	Br1314	Br1315	Br1321	Br1324	Br1348	Br1350	Br1356	Br1370	Br1371	Br1378	Br1383	Br1389	Br1399	Br1420	Br1424	Br1425	Br1447	Br1448	Br1455	Br1456	Br1458	Br1459	Br1464	Br1474	Br1485	Br1494	Br1373	Br1498	Br1499	Br1503	Br1504	Br1505	Br1507	Br1509	Br1512	Br1522	Br1524	Br1525	Br1527	Br1528	Br1529	Br1532	Br1536	Br1537	Br1539	Br1550	Br1565	Br1568	Br1573	Br1579	Br1580	Br1581	Br1588	Br1590	Br1594	Br1595	Br1602	Br1604	Br1605	Br1611	Br1613	Br1615	Br1637	Br1649	Br1654	Br1663	Br1664	Br1665	Br1667	Br1669	Br1674	Br1676	Br1678	Br1682	Br1688	Br1690	Br1693	Br1695	Br1697	Br1703	Br1729	Br1733	Br1753	Br1832	Br1842	Br1854	Br1859	Br1878	Br1883	Br1884	Br1898	Br1905	Br1908	Br1918	Br1927	Br1936	Br1958	Br1960	Br1963	Br1964	Br1974	Br1988	Br1989	Br1994	Br2001	Br2003	Br2009	Br2027	Br2044	Br2052	Br2053	Br2064	Br2076	Br2080	Br2084	Br2229	Br2233	Br2242	Br2257	Br2263	Br2267	Br2271	Br2285	Br2287	Br2288	Br2292	Br2304	Br2322	Br2333	Br2343	Br2353	Br2371	Br2377	Br2378	Br2393	Br2405	Br2425	Br2429	Br2447	Br2453	Br2454	Br2464	Br2470	Br2474	Br2476	Br2481	Br2509	Br2521	Br2534	Br2539	Br2542	Br2543	Br2557	Br2582	Br2585	Br5165	Br5182	Br5205	Br5212	Br5228	Br5232	Br5235	Br5250	Br5259	Br5262	Br5270	Br5280	Br5286	Br5287	Br5292	Br5314	Br5323	Br1245	Br1585	Br1633	Br1684	Br1648	Br1571	Br1227	Br1560	Br1576	Br1067	Br1004	Br1033	Br1646	Br1263	Br1276	Br1167	Br1407	Br1204	Br1531	Br1225	Br1281	Br1436	Br1858	Br1879	Br1473	Br1875	Br1390	Br1857	Br1039	Br1265	Br1442	Br1881	Br1427	Br1670	Br1860	Br1283	Br1292	Br1050	Br1339	Br1416	Br1463	Br1840	Br1016	Br1761	Br1250	Br1058	Br1410	Br1107	Br1453	Br1538	Br1848	Br0922	Br1179	Br1298	Br1340	Br1351	Br1644	Br1700	Br1738	Br1610	Br1856	Br1865	Br1941	Br1980	Br1320	Br1326	Br1418	Br1469	Br1721	Br1187	Br1553	Br1331	Br1412	Br1657	Br1517	Br1961	Br1968	Br2192	Br2202	Br2097	Br2094	Br2096	Br2098	Br2219	Br2214	Br2221	Br2223	Br2236	Br2163	Br2170	Br2180	Br2183	Br2184	Br2146	Br2148	Br2160	Br2144	Br2020	Br2038	Br1946	Br2046	Br2074	Br2266	Br2276	Br1874	Br1385	Br1563	Br1122	Br1193	Br1325	Br1722	Br1880	Br1384	Br2194	Br2075	Br2291	Br2298	Br2346	Br2351	Br2313	Br2337	Br2421	Br2423
SNP_PC1	-0.012923	0.0246434	-0.0129445	-0.0129851	0.0325572	-0.00957751	-0.0110594	0.0282242	0.0388958	-0.0124429	0.0421595	-0.0128899	0.0381077	0.0350426	0.0415284	0.0410942	0.0374652	-0.00928093	0.0240614	0.0204873	-0.0130502	0.032952	0.0354094	0.0273285	0.039161	0.0415515	0.0406519	-0.0123743	0.00258634	0.0292971	0.0414362	0.0399749	0.0316008	-0.00795688	-0.0130247	0.0258755	0.0318012	0.0344856	-0.013125	0.0423347	0.0347443	0.0364914	0.0411003	0.0321542	0.0369336	-0.0127485	0.0359338	-0.0126477	-0.0126261	0.0407928	0.0267411	0.0322049	-0.00267739	0.0298364	-0.0125279	-0.0126432	0.0358563	-0.0124362	0.0386464	0.0279063	-0.0127796	0.0294465	0.0251383	0.0314249	0.0339332	0.0321087	0.0376936	0.0400717	0.0304747	0.041473	-0.0113189	-0.0126358	-0.0129365	0.0305545	-0.011217	-0.0119659	-0.0111641	0.0257676	0.0258478	0.0349571	-0.013071	0.0299191	0.0107883	0.00259509	0.0175034	-0.0129025	0.0379671	0.03574	-0.00992705	0.0193894	0.036163	-0.0127501	-0.0125879	-0.0121918	0.0262988	0.0338443	0.00259669	-0.0123873	0.0371914	-0.0128705	0.0178829	-0.0127576	0.0340255	0.0380838	0.0229526	-0.0129366	-0.0116373	0.027069	-0.0128279	0.0418455	-0.0121499	-0.0128595	-0.0132757	0.0322005	0.039394	-0.0125342	-0.0122102	0.0322888	0.0417934	-0.0127449	-0.0127909	-0.0127422	0.0334649	0.0283403	0.0335959	-0.0129204	0.03696	-0.0127194	-0.00942566	-0.00960007	0.0278257	0.0262527	0.0384146	-0.0104709	-0.0129612	-0.0124607	-0.0102866	-0.0131515	-0.0132961	0.036188	-0.00573382	0.0376602	-0.00994431	-0.0113539	0.037747	0.00215381	0.0383295	-0.0125961	0.0456602	-0.0129792	-0.0126724	-0.0128927	-0.0124673	0.034981	0.0115368	0.0388098	0.0277074	0.0346265	0.0346731	0.036346	-0.0126448	-0.0123988	-0.0124962	0.00858976	0.0281107	0.0370033	-0.0124837	0.0358311	0.0274087	-0.0129325	0.0375603	-0.0124527	-0.0114228	-0.0121963	-0.011846	0.0371544	0.024254	0.0303484	-0.0125947	-0.0110855	0.0349766	0.0376714	-0.0126595	-0.00961615	0.036189	0.0319575	-0.0134857	-0.0127711	0.0386796	-0.012953	-0.0128435	0.0223907	-0.0133878	-0.00879093	-0.010294	-0.012705	-0.013308	0.0299413	-0.00890573	0.0375156	0.0321294	-0.0131078	-0.00290315	0.00250556	0.0315062	-0.0126805	-0.0130816	-0.0129292	-0.0109551	-0.0128215	0.0405215	0.0328723	-0.0129704	-0.0126586	0.0272686	-0.0131844	0.0291472	-0.0108543	-0.0128786	0.0389259	-0.0117129	-0.0131355	-0.0100521	-0.0130922	-0.0123685	0.0334969	-0.0106259	-0.012401	0.0108021	-0.0128446	-0.00651982	-0.0132402	0.0461496	-0.012181	-0.0129566	-0.0125597	0.0347485	-0.00975804	0.0378943	0.00265552	-0.00957064	-0.0126174	0.039326	0.034603	-0.00554885	0.0436684	0.0195079	0.0334534	-0.0123983	-0.0111888	0.038801	0.0293797	0.0278394	0.0284812	-0.0127873	0.0384332	-0.00933303	0.0274893	-0.00976158	-0.0128705	-0.0109337	0.0357971	-0.0126092	0.0358931	-0.0131678	0.0286352	0.0399431	0.0399204	-0.0124555	-0.007608	-0.0125521	-0.0129448	0.0424423	0.0291897	0.0404394	-0.012749	-0.0125124	-0.0123956	0.0337095	-0.0125518	-0.013433	0.022614	-0.00226335	0.0381464	0.00249628	-0.00740694	0.040311	-0.0120275	-0.0123636	0.0384289	0.0330959	0.0337791	-0.012317	0.0371657	0.0127627	-0.0127714	-0.00518456	-0.0130714	-0.0126572	0.0275089	-0.0121822	0.0375983	0.0408517	0.0317977	-0.0128126	0.0404063	0.0312803	-0.0125814	-0.00251116	-0.0124601	0.0362148	0.0357259	-0.0129926	0.0402608	-0.0128478	-0.0127851	-0.0126597	-0.0132779	0.00206842	-0.0131939	-0.012671	-0.0128651	-0.0105813	0.000572487	-0.0124941	-0.0127307	-0.0128375	-0.012849	-0.0120056	0.0357055	-0.012749	-0.0126309	-0.0126061	0.0420909	0.0331714	0.0360595	-0.0130143	0.0365083	0.0386791	-0.00186554	-0.00184685	-0.0119637	-0.00427196	0.0357882	0.0346512	0.0324451	0.032893	0.0394696	-0.0123331	-0.00918921	-0.0128838	0.0370091	-0.0130472	0.0348837	-0.0130437	0.0241555	0.0399162	-0.0126097	-0.0132709	-0.0126036
SNP_PC2	-0.00368234	-0.00378937	-0.00396781	-0.00457681	-0.00362294	2.81044e-06	-0.00393245	-0.00590779	-0.00196193	-0.00416315	-0.00481342	-0.00634037	-0.00363576	-0.00646115	-0.00516461	-0.0043512	-0.00457853	0.0011762	-0.00330138	-0.00455322	-0.00370658	-0.00575147	-0.00460735	-0.00391847	-0.00332912	-0.000806048	-0.00140999	-0.00586678	0.146563	-0.00337074	-0.00357127	-0.00557565	-0.0040936	-0.00172694	-0.00462317	-0.00397764	-0.00394035	-0.00484262	-0.00395938	-0.00413757	-0.00322848	-0.00414122	-0.0053979	-0.00222514	-0.00251718	-0.00695354	-0.00445866	-0.00458922	-0.00627569	-0.00293224	-0.00496955	-0.00293504	0.0507765	-0.00447165	-0.00402983	-0.00347912	-0.0041618	-0.0029589	-0.00667244	-0.00321575	-0.00611951	-0.00495386	-0.00326598	-0.0042259	-0.00351907	-0.00206716	-0.000853585	-0.00409757	-0.00397165	-0.00379908	0.000816706	-0.00354923	-0.0042923	-0.00531121	-0.00280512	-0.00456439	-0.00596424	-0.00447164	-0.0044419	-0.00254636	-0.00530217	-0.000722732	-0.00329049	-0.00472219	0.00371607	-0.00609015	-0.003012	-0.00602181	0.000202791	-0.00357027	-0.00395223	-0.00569937	-0.00372675	-0.00106748	-0.00404361	-0.00416901	0.144936	-0.00340378	-0.0051615	-0.00349958	-0.00593535	-0.00455436	-0.00283513	-0.00478088	-0.00569957	-0.00456869	0.000266897	-0.00593718	-0.00633185	-0.00265308	-0.00457288	-0.00486435	-0.00590997	0.000596495	-0.00427554	-0.00314978	-0.00424242	-0.00457052	-0.00321305	-0.00313444	-0.00286879	-0.00646022	-0.0022835	-0.00506843	-0.00471531	-0.00521499	-0.00370375	-0.00426638	0.0168724	0.00359478	-0.00240548	-0.00487126	-0.00462785	-0.00230808	-0.00540442	-0.00497475	0.00123626	-0.00439214	-0.00436453	-0.00345065	0.0490052	-0.00488155	0.00102351	-0.00204715	-0.00441385	0.149375	-0.00396703	-0.00386359	-0.00606589	-0.00492182	-0.00326123	-0.00427441	-0.00308346	-0.00256097	-0.00425063	-0.00339979	-0.00375138	-0.00411146	-0.00445328	-0.00448981	-0.0040733	-0.0040996	-0.00325397	-0.00324277	-0.00498465	-0.00282392	-0.00468218	-0.00339247	-0.00377561	-0.00500163	-0.00352789	-0.00506464	-0.00387494	-0.00533767	-0.0033248	-0.00413444	-0.00307059	-0.00473007	-0.00479915	-0.00482985	-0.00557728	-0.00383938	-0.00439752	0.00105669	-0.00648251	-0.00341034	-0.00568866	-0.00553278	-0.00284715	-0.00459354	-0.0026511	0.0412623	-0.00604258	0.0157333	-0.0021422	-0.00562794	-0.00442858	-0.00481274	0.0393911	-0.00503799	-0.00538944	-0.00449893	0.0618506	0.145569	-0.00397821	-0.00514437	-0.00431226	-0.00307781	-0.00262049	-0.00321778	-0.00325666	-0.00323157	-0.00610802	-0.00552294	-0.00449083	-0.00477325	-0.000707085	-0.00420145	-0.00395255	-0.00478269	-0.0033684	-0.00506145	-0.00349591	-0.00405189	-0.00511712	0.000449947	-0.00352999	-0.00361989	-0.00489694	-0.00470309	0.0364431	-0.00419951	-0.00611578	-0.00359209	-0.00486817	-0.00591028	-0.00560765	-0.00235558	-0.00379294	0.139495	0.00145707	-0.00488115	-0.00284828	-0.00377223	0.0398761	-0.00286209	-0.00372504	-0.00575511	-0.00305911	-0.0018494	-0.0057682	-0.00196152	-0.00313463	-0.00308808	-0.00544049	-0.00354722	-9.89944e-05	-0.00444846	0.0163599	-0.00438505	-0.00266313	-0.000509729	-0.0039122	-0.00518657	-0.00374321	-0.0031289	-0.00290966	-0.00540506	-0.00320674	-0.00189126	-0.00528117	-0.00335148	-0.00240387	-0.0047774	-0.00552665	-0.0045938	0.00211247	-0.00228425	-0.00202595	-0.00417527	-0.00650389	-0.00381484	0.0481127	-0.00292126	0.145982	0.013756	-0.00668206	-0.00477292	-0.00202301	-0.00241466	-0.00452452	-0.00216496	-0.00386084	-0.00433912	-0.0041972	-0.00497331	0.0719299	-0.00501039	-0.00619144	-0.00471304	-0.00434406	-0.00521579	-0.00506262	-0.00142702	-0.00471443	-0.00251321	-0.00177936	-0.00504866	0.0705233	-0.00445132	-0.00388811	-0.00445361	-0.00497139	-0.00474675	-0.00425638	-0.00257347	-0.00398931	-0.00406405	0.144545	-0.00435828	-0.00470851	-0.00481504	-0.00163064	0.113756	-0.0060881	-0.00380783	-0.00356884	-0.00279788	-0.00383613	-0.00471832	-0.00342351	-0.00502497	-0.00448878	-0.00435716	-0.00305432	-0.00331995	-0.00385865	-0.00381287	-0.00592023	0.0555959	0.0731249	-0.00370421	0.0473738	-0.00453087	-0.00336495	-0.00613204	-0.00476862	-0.00488931	-0.00145287	0.00154932	-0.00533558	-0.00327828	-0.00430707	-0.00320426	-0.00315863	-0.00306471	-0.00486481	-0.00430934	-0.00582549	-0.00582659
SNP_PC3	0.00222033	-0.00769823	-0.00282055	-0.000844221	0.00590084	0.0300119	-0.00322031	0.00400475	-0.00197624	0.0142521	-0.00200128	-0.0024869	-0.000106236	-0.00163086	0.000629034	0.00196209	0.00134247	0.0306142	0.00140309	-0.003179	0.00147753	0.0110254	0.000945525	0.000496184	0.00126079	-0.00284922	7.89747e-06	0.000278612	-0.00968046	0.000944832	0.0024779	-0.00270856	-0.00331854	0.00265763	-0.00865204	-0.00224943	0.000510869	0.00262911	-0.00908127	0.00125669	-0.0194111	0.00209563	0.000347823	0.00308731	-0.00280117	-0.00319519	0.00123968	-0.00655583	-0.00662533	0.000669603	0.00216997	-0.00523802	0.010697	-0.000772846	-0.000437545	-0.00636072	0.00139308	-0.00676985	-0.00451491	-0.000310118	-0.00537396	-0.00107649	-0.000577583	0.00186403	-0.00194472	-0.00207913	-0.000276797	-0.000693309	-0.000149978	0.00158249	0.46048	-0.000441472	-0.00349319	0.00121781	0.0124119	0.00395027	0.0019409	-0.00225458	-0.00213888	-0.00130046	-0.000320925	-0.00107939	-0.00762126	0.0046318	0.0113314	-0.00597536	-0.00249682	0.000514995	0.0118554	-0.00312278	0.00165156	-0.00167511	-0.00381043	0.00630139	-0.00253941	0.00423547	-0.00940893	0.000111928	-0.000349591	-0.00486352	-0.00149412	-0.00545665	-0.000206818	0.000857709	-0.00104282	-0.00505662	0.00951726	-0.00587619	-0.00476181	-0.000330676	-0.00409419	-0.00286177	0.000224052	-0.000499231	0.00242531	-0.00162829	-0.00509613	-0.00586732	-0.000624124	-0.00466138	-0.00555627	-0.00353664	-0.00144279	-0.000793262	0.00281457	-0.00377299	-0.00254542	-0.00224754	0.00215098	0.131728	-0.00085442	-0.00207551	0.000545897	0.0154674	-0.00494392	-0.00033852	0.029399	-0.00693005	-0.00790008	-1.04438e-05	0.00906111	-0.000169848	0.0340428	0.0160478	-0.00345478	-0.0112784	-0.00191754	-0.00562323	-0.00181422	-0.00057997	0.00209454	-0.00215942	0.00124123	-0.00103496	-0.000600565	-0.000430058	-0.0013103	0.000739634	-0.00141983	0.000411506	0.00103492	-0.00299711	-0.00101689	0.00846829	0.00348902	0.00133734	-0.00900789	0.00245048	-0.000380305	0.000244952	-0.000320365	-0.00351706	0.0154269	-0.00742116	-0.000591619	-0.00299071	0.00125895	-0.00396406	0.0021307	0.00662912	-0.000242163	-0.000112219	0.000688298	0.0290008	-0.0014845	-0.000168231	-0.00462573	-0.00363131	0.00466985	-0.00513984	-0.00035648	-0.00100914	-0.00860206	0.0114502	0.0169135	0.00098456	-0.00544518	-0.000428247	-0.00337573	0.000905944	0.000513456	-0.00651456	0.00748233	-0.0102258	-0.0030724	-0.00444094	-0.00551281	-0.00527069	0.011677	-0.00123421	-0.000679315	-0.00160433	-0.00220176	-0.00373589	-0.00421932	-0.00353449	-0.00465852	-0.00638179	-0.00533234	-0.000111312	-0.00690681	-0.00368318	0.0131658	0.000333573	-0.00105022	-0.00076917	0.0102683	0.00235847	-0.00295791	-0.00146039	0.006598	-0.00325825	-0.000362237	-0.0047932	-0.00052273	-0.00621456	0.00111757	0.0205113	0.0012127	-0.00387417	0.0298875	-0.00709118	0.000211065	-0.00015495	0.00635323	0.00451537	-0.00288436	-0.00365793	-0.000279086	0.019546	-0.00149775	-0.000695546	0.00854952	-0.00122918	0.000334529	-0.000638854	0.0504355	-0.00523461	0.00640017	-0.00695611	0.0210958	-0.00511544	-0.00948687	-0.000753113	-0.0043886	-0.00242607	-0.00286284	1.83979e-05	0.000851355	0.0153271	0.00144704	-0.00375437	-0.000199076	-0.00376608	0.00390104	-0.001595	-0.00395899	0.00192409	-2.2324e-05	0.00415725	-0.00201317	-0.00508967	0.0042812	0.00208757	-0.00751676	-0.00098374	-0.000153223	-0.00214409	-0.00326789	0.0181107	0.00134591	-0.00315972	0.00166108	-0.00247109	-0.00262394	-0.00389118	-0.00388294	-0.00469781	-0.000423656	-0.000372367	0.000837917	-0.00194832	0.00244566	-0.00321558	-0.00780608	0.00160326	0.00126192	-0.00262038	0.00655787	-0.0021114	-0.00201141	-0.000203604	-0.00482549	-0.00489124	-0.00821988	-0.00903649	-0.00320553	-0.00379559	-0.00806421	-0.0045503	-0.00842342	0.00082536	0.0141489	-0.00499803	-0.00308965	-0.0026832	0.00445291	-0.00298937	-0.00403327	0.00137901	-0.00304461	-0.00145499	-0.00523037	-0.000253904	-0.00075396	-0.00225428	-0.00620212	0.000594443	-0.00276479	0.0104057	0.0072642	0.00393571	0.00353422	0.000304588	-0.00121841	-0.00108163	-0.00187297	0.00236921	-0.00420953	0.0345841	-0.00811199	0.00106384	0.00168844	0.0015477	-0.000837493	0.000358734	-0.00287692	-0.000969218	-0.00742518	-0.00177626
SNP_PC4	-0.00203288	-0.00500214	-0.00463275	-0.00385167	-0.00031746	-0.00360685	-0.00262246	-0.00540421	-0.00290488	-0.0120618	-0.00275117	-0.002311	-0.00285507	-0.00497335	-0.00162224	-0.00616857	-0.00198435	-0.00248069	0.00219946	0.00177213	0.00312665	-0.0134771	-0.00326907	-0.00023529	-0.00372453	0.00200103	-0.000391911	-0.00306214	-0.062675	-0.000355509	0.00150005	-0.00526483	-0.00270918	0.0101497	-0.00638168	3.25744e-06	-0.000736157	-0.00306194	0.000244394	0.0015192	-0.000872445	-0.00136883	-0.00498653	0.00266229	0.00282528	-0.00227993	-0.0081643	-0.000886605	-0.00393174	-0.00174004	0.00257903	-0.00790448	-0.0137335	-0.000510797	-0.00270426	-0.0026899	0.00133048	-0.0016701	0.00066181	0.00218315	0.00158254	-0.00374447	0.0024606	0.00657301	-0.00257686	-0.00579751	0.00968724	-0.00170721	-0.000107699	0.000397756	-0.0303026	-0.000903487	-0.00331122	-0.00493796	-0.00314573	-0.00150494	-0.000724157	-0.00355714	0.00290169	-0.00248066	0.00297914	0.00307298	-0.00372061	0.000114389	0.0137502	-0.006401	-5.10018e-05	-0.00129796	-0.00221847	0.000138177	-0.000630669	-0.00524315	0.000844494	-0.00423028	0.000234892	-0.00242996	-0.0599044	-0.00145876	0.00240973	-0.00156736	-0.000261626	0.00208599	-0.00238567	-0.00351507	-0.000143299	-0.000996232	-0.00552923	-0.00275273	-0.00294671	-0.00215158	-0.000778644	-0.00348916	-0.00137406	0.00690358	-0.0061134	-0.00120021	-0.00290021	-0.00176389	-0.00588936	-0.00196396	-0.000887622	-0.00554183	-0.00217116	-0.00412713	-0.000552412	-0.00670178	-0.00222812	0.00144001	0.0430852	0.0166513	-0.00565886	0.00471572	-0.00256221	-0.00386431	0.00126254	-0.00578862	-0.00489917	-0.00318646	-0.000758403	-0.00277146	0.115336	-0.00118447	-0.00737715	-0.00172024	0.000604638	-0.0830786	0.00080079	-0.000810783	-0.00280308	-0.000955991	-0.000938367	-0.00440636	-0.00444681	0.00348851	-0.000263262	0.000877986	0.00196198	-0.00133159	-0.00326941	-0.00276217	-0.00481184	-0.00331383	-0.003498	-0.00740291	-0.00346699	0.00158025	-0.00132051	0.00149778	-0.00228114	-0.00322186	-0.00116621	-0.0045946	-0.00401597	-0.00171429	-0.00347424	-0.003294	-0.00360205	-0.00341708	-0.00127651	0.000502057	-0.00157359	-0.00249258	-0.00367873	-0.00645873	-0.000410409	-0.00536559	-0.00163608	-0.00535021	0.000475005	-0.00391577	-0.000689976	0.107969	0.000307375	0.0435535	-0.00312109	-0.00117249	0.00272262	0.00185101	0.0969052	-0.00416779	-0.0046068	-0.00267283	0.158801	-0.0670747	0.000256367	0.00154029	-0.00207062	-0.00292256	-0.00371312	-0.00328841	-0.00196344	0.00177304	-0.00038085	0.00208752	0.00113811	-0.00290772	-0.00500536	-0.0011483	0.00244535	-0.00508938	-0.000812129	-0.00328591	-0.0054959	-0.00297521	-0.00071676	0.00142888	-0.00489391	-0.00202341	-0.00723182	-0.000228065	0.0806011	-0.000231156	-0.00300164	-0.00559485	-0.00628136	-0.00319664	-0.00150308	-0.000860031	0.00033597	-0.0602035	-0.00636144	-0.00215096	-0.000809387	-0.00392674	0.0914755	0.00515774	-0.000488544	0.00132076	-0.000772801	-0.00445513	8.61521e-05	0.00656966	-0.00138293	0.00167667	-0.00426978	-0.00175623	-0.00312706	-0.00328414	0.042575	-0.00373252	-0.00170922	0.0044718	-0.00235269	-0.00284446	-0.00194025	-0.00499283	0.00554977	-0.00674509	-3.46247e-05	-0.0046639	-0.00115811	-0.000987302	0.00126626	-0.000744312	-0.00132048	0.00172525	0.00895605	0.00349867	-0.000322628	-0.00217898	-0.00314494	0.00277493	0.118341	0.0023768	-0.0611601	0.0386823	-0.00122213	0.000921899	-0.00229064	0.078911	-0.00109509	0.00300769	-0.00481321	-0.00133012	0.00123526	-0.00121183	-0.0339279	-0.00165963	-0.00305159	-0.00470571	4.02143e-05	-0.004587	-0.00207013	-0.0017113	-0.00146483	0.00275646	-0.00132939	-0.00126589	0.236902	0.000438267	0.00114226	-0.000901732	-0.00365153	0.00128058	-0.00284296	-0.0018367	-0.00221104	-0.000697168	-0.0486319	-0.000611835	-0.000127586	-0.00464189	-0.00572193	-0.0307994	-0.00223905	-0.0063762	-0.00368038	5.98602e-05	-0.00404607	0.00142921	7.37083e-05	0.000267387	-0.00275693	-0.0040956	0.00263915	0.00206411	-0.00079048	0.00471556	-0.00119284	-0.0195953	0.169884	-0.00470275	0.112417	-0.00229106	-0.00160575	-0.00706116	-0.0025161	-0.001071	-1.233e-06	-0.00360804	-0.000738128	-0.00117361	-0.00260003	0.000887577	-0.00132913	-0.00190306	0.00256174	-0.00120715	-0.00325501	-0.00387172
SNP_PC5	-0.00240709	-0.0052125	0.00160318	-0.000740371	-5.02217e-06	-0.0122647	-0.00569309	-0.00401962	-0.00542792	-0.00767723	-0.00975895	-0.000792831	-0.00121494	-0.00356427	-0.00399176	-0.00354058	-0.00486563	-0.0156221	-0.00240601	-0.00876656	-0.00173695	0.436181	0.00177112	0.00149166	0.00434248	-0.0091811	-0.00797489	-0.000719103	0.00596966	-0.000179412	0.003523	-0.00487495	-0.00568643	-0.00140484	0.00761335	-0.00128673	0.00253262	-0.00160208	0.00192269	-0.00338636	-0.0137379	0.00299401	-0.00466397	-0.00270331	0.000324801	0.0032841	-0.00446446	-0.00186211	0.000900914	-0.00867079	-0.00120088	-0.0168862	-0.000288973	-0.00736977	-0.00120043	0.00280232	-0.00290525	0.00231811	-0.00552489	-0.00584131	0.000756499	-0.000150645	-0.00382238	0.00508409	-0.00697477	-0.000871152	0.00148324	-0.00156014	0.00137135	-0.00541068	0.0191567	0.000366775	-0.00127527	-0.00454867	-0.00161998	-0.000986164	-0.00605503	-0.000757692	0.00448812	-0.00662509	0.00264647	-0.00241855	-0.00326294	0.00376591	0.00280565	-0.00384191	0.0014586	0.00423747	-0.00396283	0.00390343	-0.00970856	-0.000956627	0.00290376	-0.000319725	-0.00176914	4.60064e-05	0.00727106	-0.00200037	-0.00593305	0.00164321	4.54032e-05	1.75508e-05	-0.0113159	-0.00502923	-0.000183598	-0.000482983	-0.00295661	-0.0108969	-0.00197942	0.00246444	-0.00475871	-0.000485544	-0.00108007	-0.00196658	-0.000430261	0.0037221	-0.00293395	-0.00880861	-0.00100606	0.00309469	0.00072069	0.0017007	-0.000599959	-0.00053381	0.00822169	-0.000680634	-0.00438703	-0.000454193	-0.00183234	-0.0848198	0.0021111	-0.00435298	-0.00544043	-0.00989329	-0.00030442	-0.0013718	-0.015765	0.000610719	0.000949289	-0.00238243	-0.0059147	-0.00762685	-0.0145092	-0.00385359	-0.00674006	0.00401673	-0.00620722	-0.0011537	-0.00391053	-0.00364146	-0.00118029	0.00417028	0.0019769	0.00038091	-0.00239799	-0.00449674	-0.00352803	-0.00715863	0.00111352	-0.002678	-0.0029594	0.0021443	4.11762e-05	-0.00279834	-0.00615526	-0.00044997	0.0061369	-0.000379594	-0.00731154	0.00121031	-0.000334288	0.00173341	-0.000358182	0.00202578	0.000532747	-0.00332212	-0.00738027	-0.000583308	0.00145331	-0.00350109	-0.00489628	-0.00267265	-0.00125402	-0.0116462	0.000624849	-0.00132493	-0.000621842	0.0049894	0.00326126	0.00136792	0.00107797	-0.0117197	0.000862161	-0.00310726	-0.00820376	-0.00185837	0.00050545	-0.00709862	-0.00415454	-0.004771	-0.012072	6.29249e-05	-0.0125051	0.00807699	-0.00744414	0.0023857	0.0030373	-9.39669e-05	-0.00122991	0.00236343	-0.00737491	0.000283334	-7.08016e-07	-0.00202468	-0.00188241	0.00238068	-0.00185862	0.00586248	0.000127297	-0.00664935	-0.00188007	-0.000157854	-0.00843258	-0.00197118	-0.000671742	0.00068031	-0.00473598	0.00255235	-0.00242014	0.000746362	-0.00570614	0.0041715	-0.00345776	-0.00111026	0.00205462	-0.000592456	-0.00208043	-0.0145292	-0.00092147	0.00408714	-0.0117279	-0.000290335	-0.00156709	-0.00195259	-0.00658185	-0.00242568	-0.0036065	-0.00279541	-0.00047457	-0.00337567	-0.00683322	-0.0097603	-0.00532143	-0.00110206	-2.19058e-06	-0.00329758	-0.0271503	-0.00364899	-0.00169148	0.00312572	-0.00778224	-0.00785063	0.000143024	-0.00118993	0.00158562	-0.00116361	-0.0061491	-0.00575595	0.00468485	-0.00892505	-0.000475213	0.00248177	-0.00181694	0.00277393	0.00367017	-0.000531346	-0.00034628	-0.00253114	0.00212055	0.00124374	-0.000292958	-0.00334655	-0.00985417	0.000172019	0.00571738	-0.00448538	-0.00380165	-0.00306623	0.00280779	0.348883	0.00130763	-0.0107748	-0.00227865	-0.00683675	-0.000202821	0.00170123	0.00365933	0.000918115	0.00430117	-0.00160597	-0.00113293	-0.00336603	0.00338246	-0.0099898	0.00024293	-0.0071647	0.0042332	0.00150892	-0.0178951	5.03588e-05	-0.00358197	-0.00940327	0.000144913	-0.00244942	0.00177446	0.002384	-0.00123497	0.00423259	0.00620312	-0.00167308	0.00359703	0.000895585	-0.00704508	0.00323148	-0.000765776	0.00317077	-0.000181108	0.00112691	0.000461282	0.000501799	-0.00185855	-0.00340082	0.0025288	-0.00710563	-0.00782798	-0.00634392	0.00294224	0.0017563	-0.00354007	-0.00221585	-0.00993647	-0.00100771	-0.00769062	-0.00994589	-0.00291859	-0.0121019	-0.00391572	-0.00330202	0.00241128	-0.0127049	0.00104902	-0.00042652	-0.00042592	-0.00505166	0.000743703	-0.00608372	-0.00506072	0.00181392	0.00185068	-0.00364309
RIN	6.7	8.4	8.5	8.8	7.0	8.6	5.4	7.3	8.1	8.4	6.3	8.5	6.9	7.1	6.1	5.1	7.9	7.6	6.3	8.2	7.7	7.4	6.6	7.9	8.7	7.5	7.8	7.1	7.9	8.0	9.0	5.3	8.2	6.9	7.8	8.3	6.8	6.8	8.7	6.7	7.5	7.7	7.6	6.9	7.5	8.9	7.3	8.5	7.6	8.0	6.0	8.7	7.1	6.7	5.7	7.5	7.2	6.9	6.8	7.5	6.8	6.5	7.8	8.6	6.5	8.1	6.9	7.4	7.6	6.8	7.5	7.8	8.3	7.9	7.2	8.4	7.5	8.2	6.2	7.1	8.0	6.7	6.8	7.6	8.1	8.3	6.9	5.2	7.0	7.3	7.3	8.0	7.2	7.6	7.6	7.6	6.9	7.7	8.1	7.7	7.5	7.2	10.0	7.4	5.5	7.3	10.0	7.8	5.4	7.1	7.8	6.8	6.7	6.9	7.4	7.1	7.9	5.3	6.0	6.5	5.7	6.3	7.8	7.5	7.8	7.6	7.5	7.9	7.6	7.6	8.3	8.1	7.7	8.4	7.7	7.8	7.8	7.1	8.0	8.5	7.4	7.5	7.5	6.8	7.6	8.0	5.3	7.6	7.2	7.8	7.9	7.5	8.0	8.3	7.3	8.6	8.4	7.8	7.4	7.1	6.9	8.0	7.8	8.2	8.8	7.9	8.1	6.6	7.5	6.9	8.0	7.3	6.2	7.3	8.3	7.1	7.5	7.8	7.9	5.4	7.1	6.0	7.1	7.1	7.3	6.1	6.9	7.9	7.5	7.5	6.3	6.2	7.5	5.1	5.1	7.5	7.8	7.8	7.7	6.8	7.4	6.7	7.6	7.5	6.8	6.7	6.7	6.1	7.6	8.0	6.9	7.3	7.7	7.8	7.2	7.6	8.6	7.2	7.3	7.5	8.2	8.3	8.3	8.1	8.1	5.1	6.9	7.4	8.2	7.0	7.4	8.1	7.4	8.2	8.3	8.0	8.1	7.9	8.4	6.2	8.4	6.4	8.7	8.1	8.3	8.3	9.0	7.2	8.1	7.9	7.8	8.9	8.8	8.8	8.6	8.8	8.5	8.8	8.9	8.7	8.8	8.4	9.1	8.5	9.7	8.5	8.2	9.0	9.6	9.0	8.8	9.0	9.1	8.8	8.8	7.4	8.8	8.7	7.9	8.3	8.8	8.7	8.8	8.4	8.6	7.2	8.7	8.5	8.0	8.1	8.3	9.6	8.7	7.9	8.8	7.6	8.3	9.1	8.9	8.8	8.3	9.4	6.7	8.0	8.8	5.9	8.0	5.0	8.3	7.9	7.8	7.0	9.0	8.5	8.2	9.0	6.2	6.7	8.3	8.4	5.8	7.4	8.1	7.8	7.0	7.2	8.7	8.3	8.3	6.4	8.5	8.5	8.2	7.8	9.3	8.7	7.1	8.7	9.2	8.8	8.3	8.1	7.9	8.4	8.6	8.0	7.7	7.7	8.6	8.2	9.1	9.1	6.6	8.5	6.7	8.6	8.8	8.6	8.4	8.9
mito_rate	0.013161481978419216	0.013085831360106166	0.018011902381663055	0.012957075763992468	0.008160970375786551	0.018435984094825986	0.023574392835873002	0.013671174855280053	0.018708580634175243	0.020081769085306383	0.015374674302040833	0.01916130132954801	0.010093829182840571	0.011343860562996891	0.00895042768213899	0.014965716503959463	0.010535414896729838	0.013160668854160784	0.012183480295596636	0.014736263165222044	0.015832177763960932	0.012524338937139577	0.0142034492440333	0.015999341288863815	0.0167711820755619	0.0167920789838859	0.010817048131109609	0.025829954405973098	0.016547814105448814	0.013880851853809767	0.019992498486655207	0.014323268844235383	0.01513142163751321	0.011339820432634574	0.01770588576839124	0.016450138220460223	0.012784053261052605	0.009928618832453284	0.012514147662575052	0.014955248627760142	0.015827504904384223	0.017513057465190034	0.014770841407236687	0.013461235374391858	0.01784527421354131	0.013855289061565162	0.01665847412328817	0.017973230359200953	0.01803047686888505	0.020201260254845848	0.007520538791910685	0.013595733775927538	0.017005695766093877	0.010244932394699955	0.013350714217770007	0.014588854133966388	0.011242907913914392	0.017898785104086483	0.008695424422777131	0.015010083734513083	0.019282830169192744	0.009875260626762073	0.015425767124659226	0.013654273727937063	0.009235405818844772	0.013179664119820755	0.012066113835087725	0.009662095946670718	0.013290012431383235	0.01288629260869697	0.016339048434211887	0.017691240072603535	0.015763020190894476	0.01648913513918301	0.017028670497352214	0.020906680358479944	0.020373013115003155	0.018520620011229845	0.006956209920435044	0.015041917429314253	0.014017326648715748	0.010081822793174856	0.015097536250706589	0.020724177138730582	0.014367033026700438	0.0176425327611504	0.011381430978338093	0.020539417067587596	0.019227313822871094	0.01688847864103209	0.008128570760877899	0.014167178495449293	0.012514366916888117	0.011575923790154017	0.027232662173943187	0.015038295806518913	0.011807549631746506	0.014974692862063434	0.014075181899282092	0.018786000913839224	0.01044589299461769	0.018045218973825942	0.017555473150983165	0.008283621730930878	0.013559743070207617	0.013027342001386569	0.01650883750602341	0.017602050685213512	0.019373844418809266	0.015259404664129724	0.019380410753852075	0.01914410275924666	0.018018528129152524	0.009719664025237612	0.008805478148352731	0.011948680195513225	0.01797757344736449	0.011297626617470977	0.012908189870562461	0.013015666412524862	0.015406860365221804	0.01383089694413241	0.016342158976250694	0.011161603834185074	0.009729309587359498	0.016283722889278165	0.0178577543341034	0.01385297098068029	0.016581355021082773	0.011462740010522882	0.014579281275643867	0.014318494536850709	0.013770894016360698	0.010514070808421223	0.011776934487414362	0.015225853168024212	0.01094645578282168	0.02137986359193078	0.02360870912805386	0.015513924327570617	0.01087442710058524	0.012512985022395002	0.017927883268613994	0.014323369007657252	0.014365667329284222	0.015301953796457936	0.015172699857135692	0.012532645168489757	0.011007002836604537	0.01442839986285465	0.015575950802588672	0.016670795589881028	0.02385085586318977	0.014663996017294548	0.0165382549350163	0.015180147801649847	0.016003419489904986	0.01544688547150482	0.018884590024489056	0.005006895511824498	0.015307231095853581	0.014577937482639353	0.014893540743644584	0.021811968962182363	0.014606345209714317	0.016018947144186144	0.01695680771251098	0.015088609601946187	0.012104272052298564	0.01548895611834613	0.019839331517434087	0.0168883993137552	0.020205437097308297	0.015240546937627747	0.017496311852411104	0.010088256378933111	0.013793282614713867	0.012741344297669413	0.01826333897430786	0.017142226156131316	0.015607620946168856	0.01450522440523071	0.013707428779375861	0.011536113074656932	0.010342385998273373	0.010551016470851254	0.016723543679019157	0.015086330939313327	0.01313189316417348	0.016956732088011236	0.016163995890493953	0.014707286298800163	0.013621676782858515	0.020127286101901187	0.0213803409937995	0.01495017434822048	0.015670144366739303	0.008825406325665608	0.015318412791412515	0.00852162754705979	0.006919058852778754	0.012341305948149757	0.019902335063648736	0.01526432723086344	0.012355492552427872	0.011253583941409115	0.012323681290127172	0.015609537171479119	0.018286481628180556	0.017626887290653138	0.008265130410374856	0.012885136667711274	0.014537950305288037	0.018833923836830847	0.009018081063820736	0.01314262788337199	0.013536581575112634	0.01546607920881425	0.02683522640237289	0.01412231706034544	0.015734189982455984	0.018878281065241215	0.019557992239382684	0.014304009498247955	0.017342813157435057	0.01627337315904981	0.016147008676237678	0.012688626390454753	0.016854382885382883	0.017082045794168835	0.022029220947506572	0.0168925787875655	0.01710216793518021	0.012346299447773428	0.014869888696677451	0.009514241327225509	0.014850989043504004	0.009685410332605575	0.01211096339847393	0.01531092473677975	0.014590621655051815	0.012064271222776663	0.020606153060372386	0.0141313732658768	0.010741483054985478	0.008064599615985064	0.016068199597468285	0.013618457003456085	0.015158974331998093	0.0038898584436456995	0.01366547415853531	0.013971764217674333	0.024088779638461885	0.018672580223803793	0.018253546127617655	0.013228434690365236	0.016681093502387362	0.016160368092858982	0.012454877311002165	0.019825299621842124	0.029850609099016115	0.02054014379406175	0.015028534778854094	0.015736033780595512	0.0288783477596716	0.012831573754706671	0.015011507919856157	0.012808876907901726	0.021755518600421065	0.01305822333725479	0.02736865492346295	0.02105969290784984	0.024608920124383375	0.02057400001309071	0.021567987398059287	0.009815609402133007	0.019953065506512213	0.02692192615359543	0.007830696326088342	0.025642185555794995	0.029735644937765794	0.02007149573991233	0.016276280701661053	0.016486895253811324	0.01764715631682111	0.015196413789174266	0.016537229209020583	0.013040432200851344	0.008076653664431945	0.01687395921992285	0.013254726234160373	0.015388954072324462	0.012192558542484662	0.0126403464072515	0.014885720882434164	0.007861096908052737	0.02005022564294577	0.007497830518981997	0.020452867530560907	0.014479611623771595	0.019876102755816742	0.014346795623649626	0.01218378004084895	0.013071136522974546	0.015461503867066458	0.01205667481668869	0.015565050640348965	0.016436916278796936	0.019431136941354128	0.01834458399434554	0.012963624621321588	0.01497241109121802	0.015200544490747177	0.020864892009337405	0.019107926199297163	0.010963496295962558	0.01588998486690186	0.02261020872337009	0.007050296224857437	0.010043421299511003	0.01240967959092993	0.016173045949396316	0.025409236433663867	0.012651552244598244	0.010568528577279204	0.013690618548742282	0.009865014970146198	0.009045039481860912	0.012908296254148584	0.013399344659099652	0.019044241667098075	0.01290614932157244	0.01989759240854954	0.012554060519218323	0.01403539196724263	0.011815660012074295	0.010669995266323886	0.010666130070097002	0.02289369282919265	0.015597639222345857	0.02055805244506562	0.01396251120082953	0.015771915907301134	0.01579575720078961	0.0152483975730142	0.02355249889451779	0.017605322966548237	0.014866708999018161	0.014693062530989011	0.01657443455385364	0.025654651307750114	0.013530823111980377	0.019191430666248992	0.013025623049502333	0.011854151641461601	0.01787868674872434	0.019375015122508096	0.02109790180188925	0.012562823915579842	0.015368752242600692
mapping_rate	0.978127	0.977301	0.974921	0.974891	0.974293	0.97866	0.97765	0.977711	0.977354	0.97738	0.980429	0.97608	0.980917	0.975058	0.978889	0.956888	0.977235	0.962803	0.976979	0.97786	0.982297	0.978957	0.978244	0.980209	0.982251	0.978638	0.974962	0.975436	0.963886	0.965625	0.965773	0.972046	0.976255	0.966355	0.97368	0.971472	0.977906	0.978754	0.98019	0.966343	0.9629	0.970934	0.97525	0.968495	0.969982	0.964444	0.974229	0.976601	0.974905	0.973085	0.968407	0.968354	0.968531	0.974698	0.97457	0.963911	0.964562	0.979363	0.974159	0.980188	0.973384	0.980549	0.96822	0.973092	0.978531	0.970186	0.977698	0.965134	0.97855	0.981964	0.976186	0.973036	0.981721	0.966211	0.974472	0.978753	0.968665	0.96385	0.979922	0.97152	0.979116	0.981298	0.978367	0.971916	0.981453	0.975458	0.977693	0.96994	0.980629	0.966912	0.965311	0.969598	0.976549	0.977796	0.978229	0.967962	0.967297	0.975761	0.968733	0.971744	0.978235	0.968238	0.970602	0.962167	0.968285	0.979373	0.971241	0.977046	0.975064	0.977889	0.975769	0.976607	0.968816	0.983567	0.979691	0.979604	0.967479	0.971945	0.97624	0.974715	0.976811	0.9647	0.969638	0.976136	0.976329	0.975849	0.966552	0.971166	0.979356	0.972394	0.975652	0.976308	0.974682	0.97061	0.976387	0.959223	0.980245	0.967393	0.985081	0.967536	0.972369	0.966909	0.978855	0.976	0.975892	0.974529	0.975335	0.965086	0.980841	0.964904	0.971748	0.97618	0.981996	0.974968	0.978648	0.973224	0.979918	0.978711	0.966913	0.96632	0.972126	0.98157	0.970666	0.975465	0.978801	0.974279	0.971691	0.970859	0.977845	0.96338	0.978982	0.967765	0.96941	0.97521	0.959449	0.959294	0.978776	0.975876	0.974301	0.982804	0.964534	0.981391	0.980116	0.970517	0.978913	0.97653	0.979094	0.974937	0.967995	0.97985	0.978233	0.979075	0.967898	0.983667	0.977767	0.977134	0.977476	0.969473	0.973577	0.974543	0.977404	0.969969	0.981232	0.968036	0.971372	0.963951	0.975006	0.961957	0.980493	0.968564	0.964675	0.965558	0.967517	0.962994	0.973027	0.963272	0.970705	0.970084	0.966359	0.979828	0.973028	0.967731	0.977858	0.98178	0.966664	0.964812	0.978956	0.973651	0.976038	0.968725	0.976685	0.979688	0.976869	0.974241	0.979672	0.966358	0.973085	0.961977	0.948344	0.961871	0.952375	0.950396	0.97546	0.954787	0.970167	0.960431	0.974818	0.974875	0.956475	0.956618	0.95394	0.96671	0.969763	0.977897	0.967906	0.961263	0.961589	0.962434	0.96174	0.964447	0.980946	0.973901	0.959522	0.976311	0.965089	0.971714	0.965763	0.968923	0.956443	0.951226	0.978772	0.959329	0.969562	0.953954	0.964505	0.957216	0.969907	0.971752	0.971697	0.957028	0.969274	0.977924	0.960364	0.95779	0.967633	0.98067	0.977875	0.97395	0.973094	0.963792	0.964407	0.979798	0.956713	0.950524	0.948908	0.975582	0.972335	0.973967	0.955449	0.962397	0.977377	0.956163	0.972869	0.979906	0.975204	0.956313	0.971096	0.95953	0.959095	0.972278	0.938149	0.95649	0.975265	0.971404	0.96996	0.954141	0.971258	0.974959	0.975053	0.959956	0.964942	0.978008	0.968094	0.958397	0.978163	0.967645	0.961535	0.970806	0.956121	0.978714	0.958091	0.962817	0.977781	0.942823	0.957398	0.971526	0.970456	0.958238	0.964594	0.939564	0.96475	0.959579	0.964857	0.975274	0.977216	0.963496	0.964916	0.955244	0.974163	0.966491	0.97926	0.943715	0.971078	0.971029	0.976579	0.95754	0.952056	0.952871	0.964009	0.976541
Sex_M	1.0	1.0	1.0	1.0	1.0	0.0	1.0	1.0	0.0	1.0	0.0	1.0	0.0	1.0	1.0	0.0	1.0	1.0	0.0	0.0	1.0	0.0	0.0	1.0	1.0	0.0	0.0	0.0	1.0	0.0	1.0	0.0	1.0	0.0	0.0	0.0	1.0	1.0	0.0	1.0	1.0	0.0	1.0	1.0	0.0	0.0	0.0	1.0	1.0	0.0	1.0	0.0	1.0	0.0	0.0	1.0	1.0	1.0	0.0	1.0	1.0	0.0	1.0	0.0	1.0	0.0	0.0	0.0	0.0	0.0	1.0	1.0	1.0	1.0	1.0	1.0	1.0	0.0	0.0	1.0	1.0	1.0	1.0	1.0	0.0	1.0	0.0	0.0	0.0	1.0	0.0	0.0	0.0	0.0	0.0	1.0	0.0	1.0	1.0	0.0	0.0	0.0	0.0	0.0	0.0	1.0	1.0	1.0	0.0	0.0	1.0	1.0	1.0	1.0	1.0	0.0	1.0	1.0	1.0	1.0	0.0	0.0	1.0	1.0	0.0	1.0	0.0	1.0	1.0	1.0	1.0	1.0	0.0	1.0	0.0	1.0	1.0	1.0	1.0	1.0	1.0	1.0	1.0	1.0	1.0	1.0	1.0	0.0	1.0	1.0	1.0	1.0	1.0	1.0	1.0	1.0	1.0	1.0	0.0	1.0	1.0	0.0	1.0	1.0	1.0	1.0	1.0	1.0	1.0	0.0	1.0	1.0	1.0	1.0	1.0	1.0	1.0	1.0	1.0	1.0	1.0	1.0	0.0	1.0	0.0	1.0	1.0	1.0	0.0	1.0	1.0	1.0	1.0	0.0	0.0	1.0	1.0	0.0	1.0	0.0	0.0	1.0	1.0	1.0	0.0	0.0	1.0	0.0	1.0	1.0	1.0	1.0	1.0	1.0	1.0	1.0	1.0	1.0	1.0	0.0	1.0	1.0	1.0	1.0	0.0	0.0	1.0	1.0	1.0	1.0	1.0	0.0	0.0	1.0	1.0	0.0	1.0	1.0	0.0	1.0	0.0	0.0	1.0	0.0	1.0	0.0	1.0	1.0	0.0	1.0	0.0	1.0	1.0	1.0	1.0	1.0	1.0	1.0	1.0	1.0	0.0	1.0	0.0	0.0	0.0	0.0	1.0	1.0	1.0	1.0	0.0	1.0	1.0	1.0	1.0	0.0	1.0	1.0	1.0	1.0	1.0	1.0	1.0	1.0	0.0	0.0	0.0	1.0	1.0	0.0	1.0	0.0	1.0	1.0	1.0	1.0	1.0	0.0	0.0	1.0	1.0	1.0	1.0	1.0	1.0	1.0	0.0	0.0	1.0	0.0	1.0	0.0	1.0	1.0	0.0	1.0	1.0	1.0	1.0	1.0	1.0	1.0	1.0	1.0	1.0	0.0	1.0	1.0	1.0	0.0	1.0	0.0	1.0	0.0	1.0	1.0	0.0	1.0	1.0	1.0	1.0	0.0	1.0	0.0	1.0	1.0	0.0	1.0	1.0	1.0	1.0	1.0	1.0	1.0	1.0	1.0	1.0	1.0	1.0	1.0
Dx_MDD	0.0	0.0	0.0	0.0	0.0	0.0	0.0	0.0	0.0	0.0	0.0	0.0	0.0	0.0	0.0	0.0	0.0	0.0	0.0	0.0	0.0	0.0	0.0	0.0	0.0	0.0	0.0	0.0	0.0	0.0	0.0	0.0	0.0	0.0	0.0	0.0	0.0	0.0	0.0	0.0	0.0	0.0	0.0	0.0	0.0	0.0	0.0	0.0	0.0	0.0	0.0	0.0	0.0	0.0	0.0	0.0	0.0	0.0	0.0	0.0	0.0	0.0	0.0	0.0	0.0	0.0	0.0	0.0	0.0	0.0	0.0	0.0	0.0	0.0	0.0	0.0	0.0	0.0	0.0	0.0	0.0	0.0	0.0	0.0	0.0	0.0	0.0	0.0	0.0	0.0	0.0	1.0	0.0	0.0	0.0	0.0	0.0	0.0	0.0	0.0	0.0	0.0	0.0	0.0	0.0	0.0	0.0	0.0	0.0	0.0	0.0	0.0	0.0	0.0	0.0	0.0	0.0	0.0	0.0	0.0	0.0	0.0	0.0	0.0	0.0	0.0	0.0	0.0	0.0	0.0	0.0	0.0	0.0	0.0	0.0	0.0	0.0	0.0	0.0	0.0	0.0	0.0	0.0	0.0	0.0	0.0	0.0	0.0	0.0	0.0	0.0	0.0	0.0	0.0	0.0	0.0	0.0	0.0	0.0	0.0	0.0	0.0	0.0	0.0	0.0	0.0	0.0	0.0	0.0	0.0	0.0	0.0	0.0	0.0	0.0	0.0	0.0	0.0	0.0	0.0	0.0	0.0	0.0	0.0	0.0	0.0	0.0	0.0	0.0	0.0	0.0	0.0	0.0	0.0	0.0	0.0	0.0	0.0	0.0	0.0	0.0	0.0	0.0	0.0	0.0	0.0	0.0	0.0	0.0	0.0	0.0	0.0	0.0	0.0	0.0	0.0	0.0	0.0	0.0	0.0	0.0	0.0	0.0	0.0	0.0	0.0	0.0	0.0	0.0	0.0	0.0	0.0	0.0	0.0	0.0	0.0	0.0	0.0	0.0	0.0	0.0	0.0	0.0	0.0	0.0	0.0	0.0	0.0	0.0	0.0	0.0	0.0	0.0	0.0	0.0	0.0	0.0	0.0	0.0	0.0	0.0	0.0	0.0	0.0	0.0	0.0	0.0	0.0	0.0	0.0	0.0	0.0	0.0	0.0	0.0	0.0	0.0	0.0	0.0	0.0	0.0	0.0	0.0	0.0	0.0	0.0	0.0	0.0	0.0	0.0	0.0	0.0	0.0	0.0	0.0	0.0	0.0	0.0	0.0	0.0	0.0	0.0	0.0	0.0	0.0	0.0	0.0	0.0	0.0	0.0	0.0	0.0	0.0	0.0	0.0	0.0	0.0	0.0	0.0	0.0	0.0	0.0	0.0	0.0	0.0	0.0	0.0	0.0	0.0	0.0	0.0	0.0	0.0	0.0	0.0	0.0	0.0	0.0	0.0	0.0	0.0	0.0	0.0	0.0	0.0	0.0	0.0	0.0	0.0	0.0	0.0	0.0	0.0	0.0	0.0	0.0	0.0	0.0	0.0	0.0
Dx_SCZD	0.0	1.0	1.0	1.0	1.0	0.0	0.0	0.0	0.0	0.0	0.0	0.0	0.0	0.0	0.0	0.0	1.0	0.0	1.0	1.0	0.0	0.0	0.0	0.0	0.0	0.0	1.0	1.0	0.0	0.0	1.0	0.0	0.0	0.0	0.0	0.0	0.0	0.0	1.0	0.0	0.0	0.0	0.0	0.0	0.0	1.0	0.0	1.0	0.0	0.0	0.0	1.0	0.0	0.0	0.0	0.0	0.0	0.0	1.0	0.0	0.0	0.0	0.0	1.0	0.0	0.0	1.0	1.0	0.0	0.0	0.0	0.0	1.0	1.0	0.0	1.0	0.0	1.0	1.0	0.0	1.0	1.0	1.0	1.0	0.0	0.0	0.0	1.0	0.0	1.0	0.0	0.0	1.0	1.0	1.0	0.0	1.0	1.0	1.0	0.0	0.0	0.0	0.0	1.0	1.0	1.0	0.0	0.0	0.0	0.0	0.0	0.0	0.0	1.0	1.0	1.0	0.0	1.0	1.0	1.0	1.0	1.0	0.0	1.0	0.0	0.0	0.0	1.0	0.0	0.0	1.0	1.0	1.0	1.0	0.0	0.0	1.0	1.0	1.0	1.0	1.0	1.0	0.0	0.0	1.0	1.0	1.0	0.0	0.0	1.0	0.0	0.0	0.0	0.0	0.0	0.0	0.0	0.0	0.0	0.0	0.0	1.0	0.0	0.0	0.0	0.0	1.0	1.0	1.0	1.0	0.0	1.0	1.0	0.0	0.0	0.0	0.0	0.0	0.0	0.0	1.0	1.0	1.0	0.0	0.0	0.0	1.0	0.0	0.0	0.0	1.0	0.0	0.0	0.0	1.0	1.0	0.0	0.0	1.0	1.0	0.0	0.0	0.0	0.0	0.0	0.0	1.0	1.0	0.0	0.0	1.0	1.0	0.0	0.0	0.0	0.0	0.0	0.0	0.0	1.0	0.0	0.0	0.0	0.0	0.0	0.0	0.0	0.0	0.0	0.0	0.0	0.0	0.0	0.0	0.0	0.0	0.0	1.0	1.0	0.0	1.0	1.0	0.0	0.0	0.0	1.0	1.0	0.0	0.0	1.0	0.0	0.0	0.0	0.0	0.0	0.0	0.0	0.0	1.0	0.0	0.0	0.0	0.0	0.0	0.0	0.0	1.0	0.0	0.0	1.0	0.0	0.0	1.0	0.0	1.0	1.0	1.0	0.0	1.0	1.0	0.0	0.0	0.0	0.0	0.0	1.0	1.0	0.0	0.0	0.0	1.0	0.0	0.0	0.0	1.0	1.0	1.0	0.0	0.0	1.0	0.0	1.0	1.0	1.0	0.0	1.0	0.0	0.0	0.0	0.0	0.0	0.0	0.0	0.0	1.0	0.0	1.0	1.0	0.0	1.0	1.0	1.0	1.0	1.0	1.0	1.0	1.0	0.0	1.0	1.0	1.0	1.0	1.0	1.0	1.0	1.0	1.0	0.0	0.0	0.0	0.0	0.0	0.0	0.0	0.0	0.0	0.0	0.0	0.0	0.0	1.0	1.0	1.0	1.0	1.0	1.0	1.0	1.0	1.0	1.0
