	Br5168	Br5217	Br5234	Br5005	Br5024	Br5154	Br5161	Br1023	Br1034	Br1093	Br1113	Br1119	Br1139	Br1183	Br1203	Br1214	Br1243	Br1264	Br1271	Br1279	Br1288	Br1350	Br1356	Br1370	Br1378	Br1383	Br1389	Br1425	Br1458	Br1474	Br1373	Br1498	Br1499	Br1507	Br1512	Br1524	Br1529	Br1532	Br1537	Br1550	Br1565	Br1568	Br1580	Br1581	Br1594	Br1595	Br1602	Br1613	Br1637	Br1649	Br1654	Br1669	Br1674	Br1676	Br1678	Br1682	Br1695	Br1697	Br1753	Br1842	Br1854	Br1859	Br1878	Br1936	Br1958	Br1960	Br1988	Br2001	Br2009	Br2027	Br2044	Br2052	Br2080	Br2084	Br2242	Br2257	Br2271	Br2285	Br2288	Br2292	Br2322	Br2333	Br2343	Br2353	Br2371	Br2378	Br2425	Br2454	Br2464	Br2470	Br2474	Br2476	Br2521	Br2534	Br2542	Br2557	Br2582	Br5165	Br5182	Br5205	Br5212	Br5228	Br5235	Br5250	Br5262	Br5280	Br5287	Br5292	Br5314	Br1245	Br1684	Br1648	Br1033	Br1646	Br1204	Br1225	Br1436	Br1858	Br1879	Br1875	Br1857	Br1881	Br1427	Br1670	Br1860	Br1339	Br1416	Br1463	Br1016	Br1761	Br1453	Br1848	Br0922	Br1351	Br1738	Br1610	Br1856	Br1865	Br1980	Br1469	Br1553	Br1412	Br1961	Br2192	Br2202	Br2097	Br2094	Br2098	Br2219	Br2214	Br2221	Br2236	Br2163	Br2170	Br2180	Br2183	Br2146	Br2148	Br2160	Br1946	Br1874	Br1880	Br1384	Br2194	Br2291	Br2346	Br2337	Br2421	Br2423
SNP_PC1	-0.00409396	-0.0111667	-0.00829193	0.0420922	0.00573301	0.000362364	-0.00878819	0.0441544	-0.00537136	-0.00484183	0.028523	-0.00973692	-0.0105834	-0.00811196	-0.0070475	-0.0057542	0.111378	-0.00336777	-0.0025221	-0.00183629	-0.00632616	0.0148438	-0.00370747	-0.00792166	0.0108138	0.00223331	0.00674963	-0.00921505	-0.0104739	0.025805	-0.0042961	-0.00656618	0.00279159	0.00177049	-0.00606868	-0.00702879	-0.00987877	0.0108018	-0.0087047	0.000114937	-0.00964569	-0.0107417	-0.0062901	-0.00367868	-0.005265	-0.00653229	-0.00880518	-0.00782768	-0.0061812	0.0351322	0.0435543	-0.00840988	-0.00197546	0.0345674	-0.0116439	-0.00900184	0.040123	0.0149318	-0.00634021	-0.00812942	-0.00349129	-0.00895567	0.000328886	-0.000588209	-0.00150171	-0.00633823	-0.0074788	-0.00841288	-0.00625338	0.0149458	-0.00718174	0.00469395	-0.00313137	0.0106175	-0.00350412	0.0404175	-0.011198	-0.00834528	-0.0071224	-0.0022168	-0.0127437	0.0457535	0.0220211	-0.00686926	-0.010877	0.0543991	-0.0107728	-0.00902018	-0.0105909	-0.00461103	0.0135166	-0.00575524	-0.0100673	-0.00788522	-0.0111496	0.00569124	-0.00803537	-0.000652274	-0.00854097	0.0222764	-0.0075329	-0.00524639	0.0153548	-0.00429129	-0.00811871	-0.0117965	-0.00157739	-0.00969462	-0.00743082	0.0307813	0.0414601	-0.00725998	-0.00277948	0.0152642	-0.00654461	0.0427852	0.0331909	-0.00514259	0.0211129	-0.0067023	-0.00976009	-0.00610448	0.0414255	-0.00390631	-0.00512064	-0.00553373	-0.00224336	0.000383558	-0.00206243	-0.0123834	0.0459176	-0.00195757	5.32662e-05	-0.000892231	-0.00632811	0.0976564	-0.010476	-0.00660075	0.00206329	-0.00822276	-0.00663361	-0.00567097	-0.00936162	-0.00908565	-0.0083645	-0.00614704	-0.0113156	-0.00907746	-0.00556659	-0.00739875	0.0194636	-0.00169636	-0.00658014	-0.00777942	-0.00753212	-0.00155864	-0.00508594	-0.00407754	-0.00641322	-0.00747254	0.00321221	-0.00113853	0.0419914	-0.00811324	-0.00707966	-0.00874616	-0.0075339	-0.0110804	-0.00518869
SNP_PC2	0.00765366	-0.00556815	-0.000551627	0.120499	-0.00995007	0.0137224	-0.00271127	0.118148	0.00664888	-0.00142095	0.000140697	-0.00531677	-0.0106964	-0.00206009	-0.0086062	-0.00408158	-0.0224393	0.00782376	-0.00383056	-0.0111445	-0.00704057	0.0325791	-0.00620329	-0.00766548	0.0341691	0.0225307	0.0129297	-0.00287673	-0.00759532	0.0335269	-0.00308922	-0.00282935	0.0120389	0.00753181	-0.00976509	-0.0163837	-0.0120555	0.027569	0.00472467	0.00373521	-0.00779296	-0.000918641	-0.00771543	-0.000759603	-0.0058679	-0.00537747	-0.00691782	-0.00125002	-0.0119402	-0.0220336	0.118357	-0.00570682	0.00172823	0.116775	-0.0164435	-0.00995369	0.117119	0.050957	-0.00332548	-0.000792218	0.000956915	-0.00347292	0.00200415	0.00182801	0.000261064	-0.00287831	-0.0148369	-0.00158386	-0.00780835	0.0548679	-0.00578215	0.0132516	0.00222314	0.0262213	0.00128561	0.114386	-0.0101962	-0.0107912	-0.00620485	0.00221267	-0.0128641	0.0108978	0.0585969	0.000137122	-0.0183166	-0.0559299	-0.00865618	-0.00438263	-0.0124654	-0.00714756	0.0402383	-0.0064289	-0.0100092	-0.00526456	-0.00951911	-0.014477	-0.00927992	-0.0129409	0.00034456	0.0528062	0.00685639	0.00116074	0.030505	-0.00313014	-0.00401826	-0.0106602	-0.015026	-0.00325906	-0.00838273	0.0709653	0.121613	-0.00526728	0.00388058	0.0583817	-0.00146344	0.123787	-0.0183912	-0.00792972	0.0615881	-0.0122286	-0.0140963	-0.00717556	0.0461156	0.00819381	-0.00146779	-0.00346311	-0.0176825	0.000660291	0.0162247	-0.00858101	-0.02111	-0.0127504	-0.0108955	0.0130397	-0.00742208	-0.0711307	-0.010637	-0.00575213	0.00606532	-0.00239405	0.000932712	-0.00846998	-0.0100721	-0.0176099	-0.0149089	-0.00619049	-0.00794574	-0.00634256	-0.0158216	-0.00879955	0.0463377	0.0161944	-0.00222778	-0.00371947	-0.0161539	-0.0105483	-0.000782984	0.000768669	-0.00793758	-0.0125985	0.0144538	-0.0169752	0.122623	-0.0130295	0.00345714	-0.00963368	-0.00719529	-0.00998665	0.00266046
SNP_PC3	0.00183225	0.00490032	-0.00117475	0.0117996	-0.00998787	0.00599836	-0.0102949	0.0146055	0.00160894	-0.00741066	-0.0189991	0.00103135	0.00129976	-0.0105454	-0.00220672	-0.00297066	0.114441	0.00331385	0.00279581	0.00519037	-0.00655633	0.0137566	0.00182919	0.000847336	0.00312181	-0.000482741	-0.0113723	-0.0064711	-0.00728349	0.0020215	-0.00593422	-0.0013485	0.00884062	0.00203824	-0.000370411	-0.00283932	-0.00402665	0.0113864	-0.00788846	-0.00920833	-0.00342662	-0.00501394	-0.00229718	-0.0041967	0.00452883	0.00304852	-0.0121864	-0.00316177	1.92902e-06	0.0547889	0.0247752	-0.00540583	-0.0092936	0.0212152	-0.00226446	-0.0027322	0.0198456	0.00586855	-0.00339388	-0.00380578	-0.000533084	0.000500568	0.000462881	-0.00110768	-0.00468931	-0.00467153	-0.00143921	-0.00370578	-0.00984616	0.00285239	-0.0110275	0.00162468	-0.00486612	-0.00978188	-0.00363399	0.0143086	-0.006392	-0.00194201	0.000795304	0.00304419	-0.00317034	0.0485055	0.00545024	-0.00552521	-0.00148252	0.114326	-0.00319766	-0.00438412	-0.000220566	0.000413109	-0.00185013	0.00269223	-0.00340032	-0.0031169	0.000971897	-0.0130201	-0.000460034	-0.00912568	-0.0077846	-0.0010186	-0.000128314	-0.00650575	-0.0031506	-0.00568222	-0.00449718	0.00309456	-0.00724743	0.000521661	-0.00756508	-0.000560425	0.0220622	-0.00650757	0.00143316	0.00736855	-0.00294056	0.0132043	0.0452915	-0.00044362	0.00616487	-0.00400773	0.00143151	0.00417486	-0.0125143	-0.00515225	-0.00131462	-0.0019399	0.0179161	0.00747535	0.00450021	-0.00516544	0.0365122	-0.00131274	0.00516521	0.000605854	-0.00700208	0.17099	-0.00870686	-0.00995104	-0.00259543	-0.00533507	-0.00351859	-0.000612666	-0.00165881	-0.00685174	-0.00194058	-0.00734191	0.00443101	-0.00246232	-0.00479194	-0.00218678	0.00165489	-0.0109858	0.000102805	0.0031758	-0.00171626	-0.00348152	0.00250486	-0.00462949	-0.00563319	-0.00218362	-0.00416988	0.00600161	0.0126388	-0.00854693	-0.000898685	-0.00296736	0.00081797	-0.00814228	-0.00891902
SNP_PC4	0.00957138	-0.00121084	0.00662471	-0.00254276	0.00571	-0.00258682	0.00500747	-0.00107632	-0.00936537	0.00307332	0.00473655	0.0123072	0.00254499	-0.00238451	0.00115064	0.00296659	-0.000789926	0.00510579	-0.0207166	0.00739412	0.0104045	-0.00960337	-0.0260239	0.013909	0.0018491	-0.000650996	0.00224901	0.00871557	0.00340522	0.00476126	0.000628157	0.00777073	-0.0180079	-0.00592466	0.00575438	0.0130438	-0.00739077	0.00488289	-0.00608047	0.0162725	0.00208463	-0.00364583	0.000382541	0.00305904	0.00560191	-0.0135671	-0.00405002	-0.00672084	0.00297431	-0.00398603	0.00412224	0.0197856	0.00238338	-0.00246413	-0.0100221	0.0134848	-0.013088	0.00641724	0.00289457	0.00971163	0.00429933	-0.00938491	-0.00226226	-0.00200951	0.00155904	0.00964756	0.0039181	0.00762379	-0.00132578	0.0131157	0.00431806	-0.00509067	0.0167539	0.00677634	0.00452463	0.00696835	0.0030765	-0.0054032	-0.00447222	0.00976211	0.00709652	-0.00205686	0.00173522	0.00547275	0.00898238	-0.00751215	-0.00044396	-0.00691478	-0.00194247	-0.0079015	0.0160023	-0.0128878	0.00718409	-0.000282376	-0.0136482	0.00343816	0.00976072	0.012095	0.0099037	0.00728816	0.00881407	0.00839323	0.00794358	0.00381527	0.00911132	-0.0140327	0.00390475	0.00553349	0.00543373	0.00703378	0.00616431	-0.000384917	-0.0130773	-0.0012189	0.00556689	-0.0104652	0.00386032	0.00406197	-0.00972775	0.000719431	0.00573641	-0.0101107	-0.00554631	0.00806145	0.0036966	-0.00514697	0.0043151	-0.0150438	0.0101257	0.00998654	-0.010139	0.0011376	-0.0139156	0.00646933	0.0051219	0.00104482	0.0058954	0.00372146	0.00580271	0.00922683	0.0034713	0.00252141	0.0034872	-0.00392378	-0.00043296	0.000286271	-0.00548091	-0.00116843	0.00393942	0.00523436	0.0123722	-0.00312074	-0.00603785	-0.00706051	0.0135333	-0.00466761	-0.00166174	0.00732614	0.00490316	-0.0158725	0.0010223	-6.8291e-05	-0.0037083	-0.00239857	-0.00373545	-0.00675039	-0.00342409	-0.000155392	0.0069527
SNP_PC5	-0.00491763	0.0233455	0.00584354	-0.00910361	0.0166443	0.014832	-0.00141994	-0.0106683	-0.0164119	-0.0176664	0.0310797	0.00910359	0.00984033	0.0167652	-0.00315698	0.0246976	-0.0136124	-0.00373742	-0.0844361	0.0142118	0.0216792	-0.0471533	-0.0488929	-0.00657697	0.0172164	0.00309376	0.0319365	0.0172307	0.0102203	-0.00556602	0.00200793	0.0203871	-0.0587534	-0.00852329	0.0143207	0.0144236	0.000360628	-0.0422965	0.0170674	0.00165469	0.00827292	0.0314098	-0.0415844	0.00611503	0.0273897	-0.00571197	0.0250724	-0.00245882	-0.00616043	0.0268986	0.00191821	-0.0016738	-0.0135381	0.00832737	0.00862866	0.0189518	0.00251595	0.025019	-0.0488295	0.00611552	0.0114462	0.016294	-0.0133835	0.00492184	0.00453537	-0.0240178	0.00246625	0.0246341	-0.0113609	0.0251616	0.00636519	-0.0209182	0.012066	-0.0108623	-0.00427574	-0.00107631	0.0363559	0.00337103	-0.0198982	0.0114191	0.0358601	0.0352811	-0.00623715	0.00531473	0.0296242	0.0234577	0.00524012	0.00989485	-0.0029565	-0.00896283	0.0310663	-0.0874734	0.00836182	0.0196987	-0.0896144	0.00183343	0.00278209	0.0115447	0.0164669	-0.0139906	0.00912613	-0.000143569	0.0148172	0.0142132	-0.0142214	0.0238785	0.0282955	-0.00602412	0.0153334	0.00895545	-0.0183262	0.0248883	-0.0431083	-0.0125958	0.0189882	0.0134177	0.017334	0.00415053	-0.0386925	0.0322261	0.0141824	-0.0385257	-0.00837824	0.00610251	0.0125165	-0.0392255	0.00670616	-0.0482197	-0.011593	0.013703	0.0210855	0.0199744	-0.131564	-0.0069053	0.00920619	0.0323574	0.00992486	0.0332337	0.0130413	-0.000580785	0.00843695	-0.0475875	0.0148355	-0.0314703	-0.0259069	0.0085485	-0.0471681	0.0154761	0.00136783	-0.0255964	0.011236	0.0077163	0.00406273	-0.0543748	-0.0159295	-0.0019022	0.00776373	0.027682	-0.0154849	-0.0431298	-0.0246422	-0.0234479	-0.00699323	0.0178877	0.00211917	-0.0386695	0.00646973	0.037021	0.00254784
RIN	6.7	8.5	8.8	8.6	5.4	8.4	8.5	7.6	7.7	7.1	6.9	7.8	8.7	8.9	8.5	7.6	7.1	5.7	7.5	6.9	6.8	7.5	7.8	8.3	7.2	8.4	7.5	8.0	8.3	7.0	8.0	7.2	7.6	7.7	7.7	7.2	7.3	10.0	5.4	7.8	6.8	6.7	7.1	7.9	6.5	5.7	6.3	7.6	7.9	7.6	7.6	7.7	7.8	7.8	7.1	8.0	7.5	6.8	7.6	7.8	7.9	7.5	8.0	6.9	8.0	7.8	8.1	6.9	7.3	6.2	7.3	8.3	7.9	5.4	7.1	7.1	6.9	7.9	7.5	6.3	7.5	5.1	5.1	7.5	7.8	7.7	6.7	6.7	6.7	6.1	7.6	8.0	7.7	7.8	7.6	7.2	7.3	8.2	8.3	8.3	8.1	8.1	6.9	7.4	7.0	8.1	8.2	8.3	8.0	7.9	8.4	6.4	8.1	7.9	8.6	8.5	8.9	8.7	8.8	9.1	9.7	9.6	9.0	8.8	9.0	7.4	8.8	8.7	8.3	8.8	7.2	8.5	8.0	8.7	7.6	8.3	9.1	8.9	8.3	8.8	5.0	7.9	9.0	8.2	9.0	6.2	6.7	8.4	5.8	7.4	8.1	7.0	7.2	8.7	8.3	8.3	8.5	8.5	8.2	7.1	8.1	8.6	8.2	9.1	6.6	6.7	8.6	8.4	8.9
mito_rate	0.013161481978419216	0.018011902381663055	0.012957075763992468	0.018435984094825986	0.023574392835873002	0.020081769085306383	0.01916130132954801	0.013160668854160784	0.015832177763960932	0.025829954405973098	0.011339820432634574	0.01770588576839124	0.012514147662575052	0.013855289061565162	0.017973230359200953	0.01803047686888505	0.017005695766093877	0.013350714217770007	0.014588854133966388	0.017898785104086483	0.019282830169192744	0.016339048434211887	0.017691240072603535	0.015763020190894476	0.017028670497352214	0.020906680358479944	0.020373013115003155	0.014017326648715748	0.0176425327611504	0.019227313822871094	0.014167178495449293	0.012514366916888117	0.011575923790154017	0.014974692862063434	0.018786000913839224	0.018045218973825942	0.013027342001386569	0.01650883750602341	0.019373844418809266	0.019380410753852075	0.01914410275924666	0.018018528129152524	0.011948680195513225	0.01797757344736449	0.013015666412524862	0.015406860365221804	0.01383089694413241	0.016283722889278165	0.01385297098068029	0.016581355021082773	0.011462740010522882	0.011776934487414362	0.015225853168024212	0.01094645578282168	0.02137986359193078	0.02360870912805386	0.017927883268613994	0.014323369007657252	0.012532645168489757	0.01442839986285465	0.015575950802588672	0.016670795589881028	0.02385085586318977	0.015307231095853581	0.014577937482639353	0.014893540743644584	0.01695680771251098	0.01548895611834613	0.0168883993137552	0.020205437097308297	0.015240546937627747	0.017496311852411104	0.01826333897430786	0.017142226156131316	0.013707428779375861	0.011536113074656932	0.016723543679019157	0.015086330939313327	0.016956732088011236	0.016163995890493953	0.013621676782858515	0.020127286101901187	0.0213803409937995	0.01495017434822048	0.015670144366739303	0.015318412791412515	0.012341305948149757	0.011253583941409115	0.012323681290127172	0.015609537171479119	0.018286481628180556	0.017626887290653138	0.014537950305288037	0.018833923836830847	0.01314262788337199	0.01546607920881425	0.02683522640237289	0.015734189982455984	0.018878281065241215	0.019557992239382684	0.014304009498247955	0.017342813157435057	0.016147008676237678	0.012688626390454753	0.017082045794168835	0.0168925787875655	0.012346299447773428	0.014869888696677451	0.009514241327225509	0.009685410332605575	0.014590621655051815	0.012064271222776663	0.015158974331998093	0.0038898584436456995	0.018253546127617655	0.016681093502387362	0.012454877311002165	0.019825299621842124	0.029850609099016115	0.015028534778854094	0.0288783477596716	0.021755518600421065	0.01305822333725479	0.02736865492346295	0.02105969290784984	0.009815609402133007	0.019953065506512213	0.02692192615359543	0.025642185555794995	0.029735644937765794	0.015196413789174266	0.013040432200851344	0.008076653664431945	0.012192558542484662	0.007861096908052737	0.02005022564294577	0.007497830518981997	0.020452867530560907	0.019876102755816742	0.015461503867066458	0.016436916278796936	0.01834458399434554	0.015200544490747177	0.019107926199297163	0.010963496295962558	0.01588998486690186	0.02261020872337009	0.010043421299511003	0.01240967959092993	0.016173045949396316	0.025409236433663867	0.010568528577279204	0.013690618548742282	0.009865014970146198	0.009045039481860912	0.012908296254148584	0.019044241667098075	0.01290614932157244	0.01989759240854954	0.010669995266323886	0.01396251120082953	0.014693062530989011	0.01657443455385364	0.025654651307750114	0.019191430666248992	0.011854151641461601	0.02109790180188925	0.012562823915579842	0.015368752242600692
mapping_rate	0.978127	0.974921	0.974891	0.97866	0.97765	0.97738	0.97608	0.962803	0.982297	0.975436	0.966355	0.97368	0.98019	0.964444	0.976601	0.974905	0.968531	0.97457	0.963911	0.979363	0.973384	0.976186	0.973036	0.981721	0.974472	0.978753	0.968665	0.979116	0.975458	0.980629	0.969598	0.976549	0.977796	0.975761	0.971744	0.968238	0.979373	0.971241	0.975064	0.975769	0.976607	0.968816	0.979604	0.967479	0.974715	0.976811	0.9647	0.975849	0.971166	0.979356	0.972394	0.976387	0.959223	0.980245	0.967393	0.985081	0.978855	0.976	0.965086	0.964904	0.971748	0.97618	0.981996	0.972126	0.98157	0.970666	0.971691	0.96338	0.967765	0.96941	0.97521	0.959449	0.974301	0.982804	0.980116	0.970517	0.979094	0.974937	0.97985	0.978233	0.967898	0.983667	0.977767	0.977134	0.977476	0.973577	0.969969	0.963951	0.975006	0.961957	0.980493	0.968564	0.967517	0.962994	0.963272	0.970084	0.966359	0.973028	0.967731	0.977858	0.98178	0.966664	0.978956	0.973651	0.968725	0.979688	0.974241	0.979672	0.966358	0.961977	0.952375	0.950396	0.956475	0.956618	0.967906	0.961589	0.96174	0.964447	0.980946	0.959522	0.965089	0.956443	0.951226	0.978772	0.959329	0.957216	0.969907	0.971752	0.957028	0.969274	0.98067	0.97395	0.973094	0.956713	0.975582	0.972335	0.973967	0.955449	0.977377	0.975204	0.95953	0.972278	0.975265	0.96996	0.954141	0.971258	0.974959	0.959956	0.964942	0.978008	0.968094	0.978163	0.967645	0.961535	0.970806	0.956121	0.958091	0.962817	0.977781	0.970456	0.959579	0.974163	0.966491	0.97926	0.971078	0.976579	0.952871	0.964009	0.976541
Sex_M	1.0	1.0	1.0	0.0	1.0	1.0	1.0	1.0	1.0	0.0	0.0	0.0	0.0	0.0	1.0	1.0	1.0	0.0	1.0	1.0	1.0	1.0	1.0	1.0	1.0	1.0	1.0	1.0	1.0	0.0	0.0	0.0	0.0	1.0	0.0	0.0	1.0	1.0	0.0	1.0	1.0	1.0	0.0	1.0	1.0	0.0	0.0	1.0	1.0	1.0	1.0	0.0	1.0	1.0	1.0	1.0	1.0	1.0	0.0	1.0	1.0	1.0	1.0	1.0	0.0	1.0	1.0	0.0	1.0	1.0	1.0	1.0	1.0	1.0	0.0	1.0	1.0	1.0	1.0	1.0	1.0	0.0	0.0	1.0	1.0	1.0	1.0	0.0	1.0	0.0	1.0	1.0	1.0	1.0	1.0	1.0	1.0	1.0	1.0	1.0	1.0	0.0	1.0	1.0	1.0	0.0	1.0	1.0	0.0	1.0	0.0	0.0	0.0	1.0	1.0	1.0	1.0	1.0	0.0	0.0	0.0	1.0	1.0	0.0	1.0	0.0	1.0	1.0	1.0	1.0	0.0	1.0	1.0	1.0	1.0	1.0	0.0	0.0	1.0	1.0	0.0	0.0	1.0	0.0	1.0	1.0	1.0	1.0	1.0	1.0	1.0	1.0	0.0	1.0	1.0	1.0	1.0	0.0	1.0	0.0	0.0	1.0	1.0	1.0	1.0	1.0	1.0	1.0	1.0
Dx_MDD	0.0	0.0	0.0	0.0	0.0	0.0	0.0	0.0	0.0	0.0	0.0	0.0	0.0	0.0	0.0	0.0	0.0	0.0	0.0	0.0	0.0	0.0	0.0	0.0	0.0	0.0	0.0	0.0	0.0	0.0	1.0	0.0	0.0	0.0	0.0	0.0	0.0	0.0	0.0	0.0	0.0	0.0	0.0	0.0	0.0	0.0	0.0	0.0	0.0	0.0	0.0	0.0	0.0	0.0	0.0	0.0	0.0	0.0	0.0	0.0	0.0	0.0	0.0	0.0	0.0	0.0	0.0	0.0	0.0	0.0	0.0	0.0	0.0	0.0	0.0	0.0	0.0	0.0	0.0	0.0	0.0	0.0	0.0	0.0	0.0	0.0	0.0	0.0	0.0	0.0	0.0	0.0	0.0	0.0	0.0	0.0	0.0	0.0	0.0	0.0	0.0	0.0	0.0	0.0	0.0	0.0	0.0	0.0	0.0	0.0	0.0	0.0	0.0	0.0	0.0	0.0	0.0	0.0	0.0	0.0	0.0	0.0	0.0	0.0	0.0	0.0	0.0	0.0	0.0	0.0	0.0	0.0	0.0	0.0	0.0	0.0	0.0	0.0	0.0	0.0	0.0	0.0	0.0	0.0	0.0	0.0	0.0	0.0	0.0	0.0	0.0	0.0	0.0	0.0	0.0	0.0	0.0	0.0	0.0	0.0	0.0	0.0	0.0	0.0	0.0	0.0	0.0	0.0	0.0
Dx_SCZD	0.0	1.0	1.0	0.0	0.0	0.0	0.0	0.0	0.0	1.0	0.0	0.0	1.0	1.0	1.0	0.0	0.0	0.0	0.0	0.0	0.0	0.0	0.0	1.0	0.0	1.0	0.0	1.0	0.0	0.0	0.0	1.0	1.0	1.0	0.0	0.0	1.0	0.0	0.0	0.0	0.0	0.0	1.0	0.0	1.0	1.0	1.0	0.0	1.0	0.0	0.0	0.0	0.0	1.0	1.0	1.0	0.0	0.0	0.0	1.0	0.0	0.0	0.0	0.0	1.0	0.0	1.0	1.0	1.0	1.0	0.0	0.0	0.0	0.0	1.0	0.0	1.0	0.0	0.0	1.0	0.0	0.0	1.0	1.0	0.0	1.0	0.0	0.0	1.0	1.0	0.0	0.0	0.0	0.0	0.0	0.0	0.0	0.0	0.0	0.0	0.0	0.0	0.0	0.0	0.0	0.0	0.0	0.0	0.0	1.0	1.0	1.0	0.0	1.0	0.0	0.0	1.0	0.0	0.0	0.0	0.0	0.0	1.0	0.0	0.0	1.0	1.0	0.0	1.0	0.0	1.0	0.0	0.0	0.0	1.0	1.0	0.0	0.0	0.0	0.0	0.0	0.0	0.0	1.0	0.0	1.0	1.0	1.0	1.0	1.0	1.0	1.0	1.0	1.0	0.0	1.0	1.0	1.0	1.0	1.0	0.0	0.0	0.0	1.0	1.0	1.0	1.0	1.0	1.0
