	Br2063	Br2582	Br2378	Br5066	Br5154	Br5155	Br5182	Br5205	Br5228	Br5250	Br5262	Br2464	Br2470	Br2481	Br2393	Br2494	Br2509	Br5324	Br5200	Br5292	Br5367	Br1351	Br1525	Br1750	Br2476	Br2534	Br2353	Br2587	Br5146	Br5161	Br5165	Br5286	Br5259	Br5287	Br5005	Br5135	Br5212	Br5235	Br5053	Br5323	Br5338	Br5370	Br2073	Br2298	Br2346	Br2075	Br2291	Br2351	Br2337	Br2313	Br5314	Br2345	Br2421	Br2348	Br2423	Br2052	Br2371	Br2304	Br2453	Br2295	Br2405	Br2039	Br2027	Br2305	Br2001	Br2322	Br2287	Br2377	Br2454	Br2425	Br1420	Br1135	Br2474	Br2513	Br2521	Br2539	Br2542	Br2543	Br2557	Br2573	Br5276	Br5280	Br5330	Br5348	Br1148	Br1204	Br1384	Br1408	Br1436	Br1469	Br1365	Br1017	Br1528	Br1587	Br1493	Br1883	Br1890	Br1905	Br1225	Br1235	Br1243	Br1263	Br1265	Br1276	Br1279	Br1281	Br1320	Br1321	Br1325	Br1203	Br1214	Br1249	Br1250	Br1253	Br1283	Br1297	Br1304	Br1306	Br1314	Br1298	Br1842	Br1908	Br1918	Br1936	Br1909	Br1927	Br1164	Br1923	Br1974	Br1995	Br1998	Br2005	Br1941	Br1960	Br1980	Br1987	Br2003	Br1054	Br1137	Br1142	Br1157	Br1185	Br1193	Br1417	Br1056	Br1093	Br1099	Br1105	Br1111	Br1113	Br1156	Br0922	Br1021	Br1023	Br1041	Br1084	Br1134	Br1183	Br1039	Br1122	Br1143	Br1167	Br1179	Br1579	Br1004	Br1464	Br1624	Br1285	Br1373	Br1498	Br1504	Br1518	Br1524	Br1526	Br1003	Br1016	Br1109	Br1503	Br1536	Br1688	Br1160	Br1588	Br1602	Br1664	Br1678	Br1682	Br1684	Br1691	Br1761	Br1637	Br1663	Br1721	Br1857	Br1876	Br1881	Br1963	Br1968	Br1847	Br1854	Br1879	Br1693	Br1697	Br1703	Br1745	Br1700	Br1738	Br1858	Br1859	Br1880	Br1964	Br1966	Br1878	Br1961	Br1228	Br1556	Br1558	Br1611	Br1649	Br1657	Br1753	Br1613	Br1695	Br1735	Br1289	Br1292	Br1553	Br1670	Br1282	Br1412	Br1435	Br1531	Br1053	Br1067	Br1245	Br1288	Br1733	Br1227	Br1303	Br1371	Br1648	Br1081	Br1324	Br1348	Br1350	Br1370	Br1389	Br1446	Br1447	Br1340	Br1383	Br1390	Br1399	Br1416	Br1425	Br1432	Br1494	Br1339	Br1485	Br1576	Br1672	Br1139	Br1221	Br1378	Br1529	Br1573	Br1591	Br1605	Br1102	Br1271	Br1275	Br1356	Br1448	Br1538	Br1187	Br1191	Br1280	Br1442	Br1443	Br1453	Br1487	Br1030	Br1409	Br1499	Br1509	Br1552	Br1585	Br1594	Br1034	Br1407	Br1418	Br1427	Br1441	Br1455	Br1459	Br1463	Br1473	Br1474	Br1615	Br1410	Br1458	Br1492	Br1512	Br1581	Br1644	Br1706	Br1092	Br1532	Br1539	Br1563	Br1565	Br1568	Br1654	Br1665	Br1550	Br1669	Br1900	Br1033	Br1069	Br1527	Br1571	Br1740	Br1006	Br1424	Br1507	Br1610	Br1676	Br1722	Br1590	Br1326	Br1517	Br1522	Br1578	Br1912	Br1946	Br1994	Br2015	Br2020	Br2026	Br2038	Br2044	Br1958	Br2046	Br2053	Br2064	Br2074	Br2076	Br2080	Br2084	Br2242	Br2261	Br2292	Br2009	Br2257	Br2263	Br2267	Br2271	Br2285	Br2288	Br1832	Br1840	Br1884	Br1898
SNP_PC1	-0.012571	-0.0128786	-0.00890573	-0.0122932	-0.0124429	0.0421595	-0.0131355	-0.0100521	-0.0123685	-0.012401	-0.0128446	-0.0130816	-0.0129292	0.0405215	0.0375156	0.0365569	0.0328723	-0.0127458	-0.0119368	-0.0129566	-0.0124562	-0.012317	0.0340255	-0.0128262	-0.0128215	-0.0126586	-0.012705	0.0359931	0.0388958	-0.0128899	-0.0117129	0.0461496	0.0108021	-0.012181	-0.00957751	0.0395974	-0.0130922	-0.0106259	0.0282242	0.0347485	0.0318818	0.034548	-0.0120384	0.0348837	-0.0130437	0.0370091	-0.0130472	0.0241555	-0.0126097	0.0399162	-0.0125597	0.0368118	-0.0132709	0.0374798	-0.0126036	-0.011846	-0.013308	0.0223907	0.0315062	0.0423244	0.0321294	-0.00987181	-0.0114228	0.0365473	-0.0129325	-0.0133878	0.0386796	0.0299413	-0.0126805	-0.0131078	0.0258478	0.0318012	-0.0109551	0.0435505	-0.0129704	0.0272686	-0.0131844	0.0291472	-0.0108543	-0.0125175	-0.0127244	-0.0132402	0.0320796	-0.0123667	0.0402347	-0.0127873	-0.00918921	0.0321574	-0.00976158	-0.0128126	-0.0125165	0.0410942	0.0229526	-0.012594	-0.0129258	0.034981	-0.0114454	0.0277074	-0.00933303	0.0322049	-0.00267739	0.038801	0.0399431	0.0293797	-0.0124362	0.0274893	0.0375983	0.0400717	0.032893	-0.0126477	-0.0126261	0.0298364	0.022614	0.026688	0.0424423	0.0251383	-0.0126107	0.033214	0.0321087	0.0330959	-0.0129792	0.0346265	0.0346731	-0.0126448	-0.0124398	0.036346	0.0369336	-0.0128445	0.0370033	-0.0127593	-0.0124936	-0.0124594	0.0275089	-0.0124962	-0.0121822	-0.0115461	0.0375603	0.0273285	0.0344856	0.0423347	0.0411003	0.0359338	0.0324451	-0.0128059	0.039161	-0.0123743	0.0292971	0.0399749	0.0316008	-0.00795688	0.0364914	-0.0123636	0.0374652	-0.00928093	0.0366099	0.0406519	0.0258755	-0.0127485	0.0286352	0.0346512	0.0347443	0.0278394	0.0384289	0.039394	0.0334534	0.03574	-0.0124691	0.0279063	-0.0127501	-0.0125879	0.0338443	-0.0121929	-0.0127576	-0.0126224	0.0381077	-0.0125518	-0.0126406	0.0262988	0.027069	0.036188	0.0321542	0.0322888	-0.0127422	0.0262527	-0.0131515	-0.0132961	-0.00957064	0.0341796	-0.013433	-0.0127194	0.0278257	0.0404063	-0.0131678	-0.0129317	-0.0124555	0.00858976	0.0402608	-0.0126102	-0.0126724	-0.0109337	0.0376602	-0.0113539	0.037747	0.0318058	0.0127627	-0.0127714	-0.0128705	-0.0128927	-0.0123331	0.0281107	-0.0124443	-0.0124673	-0.0129926	0.0267411	0.0365817	-0.0121498	0.0335959	-0.00942566	0.0362148	-0.0125961	-0.0129204	-0.00994431	-0.0125334	0.0294465	0.0291897	-0.0125814	-0.0125521	0.0372729	-0.0124601	0.0358279	0.0384332	0.0354094	0.0195079	-0.00975804	-0.0127796	0.0383295	0.034603	0.0314249	0.0305545	-0.0126174	0.0291885	0.0304747	0.041473	-0.0113189	-0.0129365	-0.0111641	-0.0116955	0.0299191	0.0337791	-0.0119659	0.0358931	0.0257676	-0.0125124	-0.013071	-0.0124036	0.036163	-0.012749	0.0193894	0.0436684	0.043658	-0.013125	0.0407928	-0.011217	-0.0129366	0.0322005	-0.0129254	0.0283403	0.0414362	-0.0126432	0.0358563	-0.0126358	0.0107883	0.040311	0.0312803	0.0293218	0.0386464	0.0399204	-0.0129542	-0.00740694	-0.0125718	0.0204873	-0.0107297	-0.0121918	0.0371914	0.0370997	0.0378943	-0.0127449	-0.0130502	0.0284812	0.0317977	-0.007608	0.0308211	0.00259509	0.0379671	-0.0123956	0.0357971	-0.00992705	0.03696	0.0381464	-0.0129025	0.0377483	-0.0128705	-0.0122102	0.0371657	-0.0126579	-0.0125062	-0.0116373	0.0418455	0.0357882	-0.0128595	-0.0132757	-0.00960007	0.0384146	-0.0121499	-0.0129612	0.0367507	-0.0123983	0.0415515	0.0380838	0.039326	0.0371558	0.0350426	0.0349571	-0.0123873	-0.00518456	-0.0102866	0.0394696	0.0417934	0.0408517	0.0357259	0.0178829	-0.0130395	0.0146955	-0.0130143	0.0274087	-0.0110018	0.0331714	-0.0134291	0.0360595	-0.0121963	-0.0123988	0.0365083	0.0371544	0.024254	0.0386791	0.0303484	-0.0125947	-0.0110855	-0.0126595	0.029096	-0.0128435	-0.0124527	-0.00961615	0.036189	0.0319575	-0.0134857	-0.0127711	-0.012953	0.0456602	0.0337095	0.0115368	0.0388098
SNP_PC2	-0.00321073	-0.00395255	0.0393911	-0.0028396	-0.00416315	-0.00481342	-0.00506145	-0.00349591	-0.00511712	-0.00361989	-0.00470309	-0.00431226	-0.00307781	-0.00325666	-0.00503799	-0.00221949	-0.00323157	-0.00496229	-0.00453955	-0.00486817	-0.0040505	-0.00386084	-0.00283513	-0.00611556	-0.00321778	-0.00552294	-0.00562794	-0.0048574	-0.00196193	-0.00634037	-0.0033684	-0.00611578	-0.00489694	-0.00359209	2.81044e-06	-0.0024387	-0.00405189	-0.00352999	-0.00590779	-0.00560765	-0.00383615	-0.00487359	-0.00396148	-0.00320426	-0.00315863	-0.00327828	-0.00430707	-0.00306471	-0.00430934	-0.00486481	-0.00591028	-0.00486406	-0.00582549	-0.00452472	-0.00582659	-0.0033248	-0.00442858	0.0412623	-0.00397821	-0.00595764	-0.00538944	0.0119567	-0.00387494	-0.00406341	-0.00500163	-0.00604258	-0.00284715	-0.00481274	-0.00514437	-0.00449893	-0.0044419	-0.00394035	-0.00262049	-0.00479018	-0.00610802	-0.00449083	-0.00477325	-0.000707085	-0.00420145	-0.00182095	-0.00504547	-0.00419951	-0.0028907	-0.00601314	-0.00546797	-0.00544049	0.00154932	-0.00595137	0.0163599	-0.00471443	-0.00576584	-0.0043512	-0.00569957	-0.00478335	-0.00460263	-0.00256097	-0.00396775	-0.00375138	-9.89944e-05	-0.00293504	0.0507765	-0.0057682	-0.00290966	-0.00196152	-0.0029589	-0.00444846	-0.00521579	-0.00409757	-0.00476862	-0.00458922	-0.00627569	-0.00447165	-0.00381484	-0.00169501	-0.00240387	-0.00326598	-0.00524484	-0.00287853	-0.00206716	-0.00452452	-0.00492182	-0.00411146	-0.00445328	-0.0040733	-0.00368729	-0.00448981	-0.00251718	-0.00409931	-0.00282392	-0.005039	-0.00508762	-0.00489076	-0.00471304	-0.00325397	-0.00434406	0.000102893	-0.00352789	-0.00391847	-0.00484262	-0.00413757	-0.0053979	-0.00445866	-0.00613204	-0.00390383	-0.00332912	-0.00586678	-0.00337074	-0.00557565	-0.0040936	-0.00172694	-0.00414122	-0.00202301	-0.00457853	0.0011762	-0.00326231	-0.00140999	-0.00397764	-0.00695354	-0.0031289	-0.00336495	-0.00322848	-0.00313463	-0.00241466	-0.00427554	-0.00575511	-0.00602181	-0.00291764	-0.00321575	-0.00569937	-0.00372675	-0.00416901	-0.00484856	-0.00455436	-0.00376475	-0.00363576	-0.00417527	-0.005532	-0.00404361	-0.00593718	-0.00345065	-0.00222514	-0.00457052	-0.00646022	-0.00487126	-0.00439214	-0.00436453	0.00145707	-0.00423223	-0.00650389	-0.00426638	-0.00240548	-0.00251321	-0.00374321	-0.00557206	-0.00320674	-0.00324277	-0.00474675	-0.00358165	-0.00326123	-0.00266313	-0.00488155	-0.00204715	-0.00441385	-0.00367222	-0.0041972	-0.00497331	-0.00438505	-0.00427441	-0.00145287	-0.00498465	-0.00464587	-0.00308346	-0.00497139	-0.00496955	-0.00423142	-0.0048882	-0.00471531	0.0168724	-0.00388811	-0.00386359	-0.00521499	0.00102351	-0.00430522	-0.00495386	-0.0047774	-0.00504866	-0.00528117	-0.0046821	-0.00445132	-0.00467484	-0.00354722	-0.00460735	-0.00372504	-0.00235558	-0.00611951	-0.00396703	-0.00377223	-0.0042259	-0.00531121	-0.00488115	-0.00430591	-0.00397165	-0.00379908	0.000816706	-0.0042923	-0.00596424	-0.00192068	-0.000722732	-0.00216496	-0.00456439	-0.00518657	-0.00447164	0.00211247	-0.00530217	-0.00548912	-0.00395223	-0.0045938	-0.00357027	-0.00286209	-0.00549681	-0.00395938	-0.00293224	-0.00280512	-0.00456869	0.000596495	-0.00411294	-0.00506843	-0.00357127	-0.00347912	-0.0041618	-0.00354923	-0.00329049	-0.00668206	-0.00177936	-0.00452495	-0.00667244	-0.00540506	-0.00564481	0.013756	-0.00320429	-0.00455322	-0.00349126	-0.00106748	-0.0051615	-0.00503777	-0.00379294	-0.00313444	-0.00370658	-0.00308808	-0.00142702	-0.00189126	-0.00177359	-0.00472219	-0.003012	-0.00228425	-0.000509729	0.000202791	-0.00370375	-0.00292126	-0.00609015	-0.00221217	-0.00349958	-0.00424242	-0.00433912	-0.00436144	-0.00326905	0.000266897	-0.00265308	-0.00453087	-0.00486435	-0.00590997	0.00359478	-0.00462785	-0.00457288	-0.00540442	-0.000866745	-0.00305911	-0.000806048	-0.00478088	-0.00284828	-0.00492599	-0.00646115	-0.00254636	-0.00340378	0.0719299	0.00123626	-0.00488931	-0.00321305	-0.00506262	-0.00445361	-0.00593535	-0.00467447	-0.0045674	-0.00385865	-0.00377561	-0.00167793	-0.00305432	-0.00441928	-0.00331995	-0.00533767	-0.0040996	-0.00381287	-0.00413444	-0.00307059	-0.00592023	-0.00473007	-0.00479915	-0.00482985	-0.00439752	-0.00286223	-0.0026511	-0.00506464	0.00105669	-0.00648251	-0.00341034	-0.00568866	-0.00553278	-0.00459354	-0.00606589	-0.00202595	-0.00425063	-0.00339979
SNP_PC3	0.000305146	-0.00533234	-0.00337573	0.00187667	0.0142521	-0.00200128	-0.00368318	0.0131658	-0.00105022	0.00235847	-0.00146039	-0.00551281	-0.00527069	-0.000679315	0.000905944	0.000862503	-0.00160433	-0.00203518	-0.0034422	-0.00052273	0.00178044	0.00166108	-0.000206818	-0.00924176	-0.00123421	-0.00373589	0.00098456	-0.000303802	-0.00197624	-0.0024869	-0.00690681	-0.000362237	-0.00295791	-0.0047932	0.0300119	0.000293359	0.000333573	0.0102683	0.00400475	0.00111757	-0.000531373	0.00125448	0.00219203	0.0015477	-0.000837493	0.00106384	0.00168844	0.000358734	-0.000969218	-0.00287692	-0.00621456	0.000182447	-0.00742518	0.00192893	-0.00177626	-0.000591619	-0.00544518	-0.00100914	-0.0030724	0.000551793	0.000513456	-0.000382217	0.0154269	-0.000216862	0.000244952	-0.00860206	0.00466985	-0.000428247	-0.00444094	-0.00651456	-0.00213888	0.000510869	0.011677	0.000795229	-0.00220176	-0.00421932	-0.00353449	-0.00465852	-0.00638179	-0.00159215	-0.00844834	-0.00325825	0.00345106	0.000672574	-0.000585708	0.000334529	0.0345841	-0.00153124	0.00640017	-0.00780608	-0.00971962	0.00196209	-0.00104282	-0.0063088	-0.00985381	-0.00103496	0.00868489	-0.0013103	0.0504355	-0.00523802	0.010697	-0.00149775	-0.00286284	-0.000695546	-0.00676985	-0.00523461	-0.00194832	-0.000693309	-0.00187297	-0.00655583	-0.00662533	-0.000772846	-0.00508967	-0.000193313	-0.000199076	-0.000577583	-0.0087914	0.000495994	-0.00207913	0.00134591	-0.00057997	0.000739634	-0.00141983	0.00103492	-0.00618731	0.000411506	-0.00280117	-0.000416887	0.00133734	-0.00455175	-0.00118975	-0.00051874	-0.000372367	-0.00101689	0.000837917	0.00537497	-0.000320365	0.000496184	0.00262911	0.00125669	0.000347823	0.00123968	-0.00108163	-0.00173595	0.00126079	0.000278612	0.000944832	-0.00270856	-0.00331854	0.00265763	0.00209563	-0.00326789	0.00134247	0.0306142	0.00553199	7.89747e-06	-0.00224943	-0.00319519	-0.00242607	-0.00121841	-0.0194111	0.00854952	0.0181107	0.00242531	-0.00365793	0.000514995	-0.00223079	-0.000310118	-0.00167511	-0.00381043	0.00423547	-0.00259495	-0.00545665	-0.00185619	-0.000106236	0.00415725	-0.00379138	-0.00253941	-0.00587619	-1.04438e-05	0.00308731	-0.00586732	-0.00353664	-0.00207551	-0.00693005	-0.00790008	0.0298875	-0.00465953	-0.00201317	-0.00224754	-0.00085442	0.00160326	-0.0043886	-0.0074155	0.000851355	0.00846829	-0.00489124	-0.00265913	0.00209454	0.0210958	-0.000169848	0.0160478	-0.00345478	-0.0031853	-0.00262394	-0.00389118	-0.00695611	-0.00215942	-0.00420953	0.00348902	-0.00159347	0.00124123	-0.00482549	0.00216997	0.00167181	0.00086555	0.00281457	0.00215098	-0.00201141	-0.00562323	-0.00377299	0.0340428	-0.00183524	-0.00107649	-0.00376608	-0.00262038	0.00144704	-0.00275838	-0.0021114	0.000783385	-0.000638854	0.000945525	-0.00288436	0.0205113	-0.00537396	-0.00191754	-0.00015495	0.00186403	0.00121781	-0.00709118	7.17088e-05	-0.000149978	0.00158249	0.46048	-0.00349319	0.0019409	0.00655704	-0.00107939	-0.00315972	0.00395027	-0.000753113	-0.00225458	-0.00395899	-0.000320925	-0.00327299	0.00165156	-0.001595	-0.00312278	0.00451537	0.00138686	-0.00908127	0.000669603	0.0124119	-0.00505662	-0.000499231	-0.00323964	-0.000793262	0.0024779	-0.00636072	0.00139308	-0.000441472	-0.00762126	-0.000153223	0.00126192	-0.00193423	-0.00451491	1.83979e-05	-0.00704837	-0.00098374	-0.00452408	-0.003179	0.0088994	0.00630139	-0.000349591	-0.00396544	0.0012127	-0.00466138	0.00147753	-0.00122918	-0.00321558	0.0153271	-0.000587769	0.0046318	-0.00249682	0.00192409	-0.00511544	0.0118554	-0.00254542	0.00208757	-0.00597536	-0.00372201	-0.00486352	-0.00509613	-0.00247109	-0.0025894	0.00146332	0.00951726	-0.000330676	0.000304588	-0.00286177	0.000224052	0.131728	0.000545897	-0.00409419	-0.00494392	0.000532205	-0.000279086	-0.00284922	0.000857709	0.000211065	-0.00278718	-0.00163086	-0.00130046	0.000111928	-0.00388294	0.029399	0.00236921	-0.000624124	0.00244566	-0.000203604	-0.00149412	-0.00650951	-0.00342626	-0.00620212	-0.000380305	0.0178465	-0.00075396	-0.00933664	-0.00225428	-0.00742116	-0.00299711	0.000594443	-0.00299071	0.00125895	-0.00276479	-0.00396406	0.0021307	0.00662912	0.000688298	-0.000484548	-0.00035648	-0.00351706	0.0290008	-0.0014845	-0.000168231	-0.00462573	-0.00363131	-0.00513984	-0.00181422	-2.2324e-05	-0.000600565	-0.000430058
SNP_PC4	-0.0032358	0.00244535	0.0969052	-0.00212561	-0.0120618	-0.00275117	-0.00328591	-0.0054959	-0.00071676	-0.00202341	-0.000228065	-0.00207062	-0.00292256	-0.00196344	-0.00416779	-0.00222252	0.00177304	0.000302493	0.000186568	-0.00628136	0.00205489	-0.00481321	-0.00238567	-0.00373873	-0.00328841	0.00208752	-0.00117249	-0.00139156	-0.00290488	-0.002311	-0.000812129	-0.00300164	-0.00723182	-0.00559485	-0.00360685	-0.000315989	-0.00297521	-0.00489391	-0.00540421	-0.00150308	-0.00217902	-0.00239174	-0.00447371	0.000887577	-0.00132913	-0.00117361	-0.00260003	-0.00190306	-0.00120715	0.00256174	-0.00319664	-0.00224231	-0.00325501	-0.00158951	-0.00387172	-0.00347424	0.00272262	0.107969	0.000256367	0.00106538	-0.0046068	-0.001727	-0.00401597	-0.00348269	-0.00322186	0.000307375	0.000475005	0.00185101	0.00154029	-0.00267283	0.00290169	-0.000736157	-0.00371312	-0.00266314	-0.00038085	0.00113811	-0.00290772	-0.00500536	-0.0011483	-0.00555205	-0.00343173	-0.000231156	0.000552257	-0.00588324	-0.00185963	-0.00426978	-0.00360804	-0.00546977	0.042575	-0.00146483	0.00171045	-0.00616857	-0.000143299	-0.000738503	-0.000208469	0.00348851	-0.00183009	0.00196198	-0.00312706	-0.00790448	-0.0137335	8.61521e-05	0.00554977	0.00656966	-0.0016701	-0.00328414	-0.004587	-0.00170721	-0.0025161	-0.000886605	-0.00393174	-0.000510797	0.00277493	0.00228284	0.00126626	0.0024606	0.00524816	-0.00180722	-0.00579751	-0.00109509	-0.000955991	-0.00133159	-0.00326941	-0.00481184	-0.00432524	-0.00276217	0.00282528	0.00183023	0.00158025	-0.00336002	-0.00327519	0.00172563	-0.00470571	-0.003498	4.02143e-05	0.00712032	-0.00116621	-0.00023529	-0.00306194	0.0015192	-0.00498653	-0.0081643	-0.00706116	-0.00247063	-0.00372453	-0.00306214	-0.000355509	-0.00526483	-0.00270918	0.0101497	-0.00136883	-0.00229064	-0.00198435	-0.00248069	0.000166282	-0.000391911	3.25744e-06	-0.00227993	-0.00499283	-0.00160575	-0.000872445	-0.00138293	0.078911	-0.0061134	0.00132076	-0.00129796	-0.000498466	0.00218315	-0.00524315	0.000844494	-0.00242996	0.00172516	0.00208599	-0.00320632	-0.00285507	-0.00217898	-0.000664396	0.000234892	-0.00275273	-0.00277146	0.00266229	-0.00176389	-0.00554183	0.00471572	-0.00318646	-0.000758403	-0.00636144	0.00180509	-0.00314494	0.00144001	-0.00565886	0.00275646	-0.00194025	-0.00365721	-3.46247e-05	-0.00740291	0.00128058	-0.00411616	-0.000938367	-0.00170922	-0.00118447	-0.00172024	0.000604638	0.000911047	0.00123526	-0.00121183	-0.00373252	-0.00440636	-1.233e-06	-0.00346699	-0.00537511	-0.00444681	-0.00365153	0.00257903	-0.00134237	-0.00449152	-0.000552412	0.0430852	0.00114226	-0.000810783	-0.00670178	-0.00737715	-0.00448545	-0.00374447	-0.000744312	-0.00126589	-0.00115811	-0.00746745	0.000438267	-0.00404373	-0.00175623	-0.00326907	-0.000488544	-0.000860031	0.00158254	0.00080079	-0.00392674	0.00657301	-0.00493796	-0.00215096	-0.000343438	-0.000107699	0.000397756	-0.0303026	-0.00331122	-0.000724157	-0.00522472	0.00307298	0.00300769	-0.00150494	-0.00284446	-0.00355714	0.00895605	0.00297914	-0.00199264	-0.000630669	0.00172525	0.000138177	0.00515774	0.000208385	0.000244394	-0.00174004	-0.00314573	-0.000996232	0.00690358	-0.00473703	-0.00412713	0.00150005	-0.0026899	0.00133048	-0.000903487	-0.00372061	-0.00122213	-0.00132939	0.000344124	0.00066181	-0.00674509	-0.00398859	0.0386823	-0.00318626	0.00177213	-0.0062319	-0.00423028	0.00240973	-0.00474186	0.00033597	-0.00196396	0.00312665	0.00167667	-0.0017113	-0.0046639	-0.00265393	0.000114389	-5.10018e-05	0.00349867	0.0044718	-0.00221847	-0.00222812	0.0023768	-0.006401	0.00241338	-0.00156736	-0.00290021	-0.00133012	-0.00526878	0.00122781	-0.00552923	-0.00215158	-0.00229106	-0.00348916	-0.00137406	0.0166513	-0.00256221	-0.000778644	0.00126254	-0.00777812	-0.000772801	0.00200103	-0.00351507	-0.000809387	-0.00844613	-0.00497335	-0.00248066	-0.00145876	-0.0339279	-0.00489917	-0.001071	-0.00588936	-0.00207013	-0.000901732	-0.000261626	-0.00368674	0.000813732	-0.00079048	-0.00228114	-0.00184209	0.00263915	-0.00263797	0.00206411	-0.00171429	-0.00331383	0.00471556	-0.003294	-0.00360205	-0.00119284	-0.00341708	-0.00127651	0.000502057	-0.00367873	-0.002577	-0.000689976	-0.0045946	-0.00645873	-0.000410409	-0.00536559	-0.00163608	-0.00535021	-0.00391577	-0.00280308	-0.000322628	-0.000263262	0.000877986
SNP_PC5	-0.00109994	0.000127297	-0.00415454	-0.000469391	-0.00767723	-0.00975895	-0.000157854	-0.00843258	-0.000671742	0.00255235	0.000746362	0.0030373	-9.39669e-05	-0.00737491	-0.004771	-0.00192328	0.000283334	-0.000361715	0.00295797	0.00205462	-0.000670872	-0.00227865	-0.0113159	0.0042707	0.00236343	-0.00202468	-0.00185837	-0.00426619	-0.00542792	-0.000792831	-0.00188007	-0.00345776	-0.00242014	-0.00111026	-0.0122647	-0.0114092	-0.00197118	-0.00473598	-0.00401962	-0.00208043	-0.00339843	-0.00787675	0.00231697	-0.00505166	0.000743703	-0.00042652	-0.00042592	-0.00608372	0.00181392	-0.00506072	-0.000592456	-0.00571062	0.00185068	-0.00640242	-0.00364309	0.000532747	0.00050545	-0.0117197	-0.00744414	-0.00354221	-0.012072	-0.000993973	-0.000358182	-0.00296006	0.00121031	0.000862161	0.00326126	-0.00709862	0.0023857	6.29249e-05	0.00448812	0.00253262	-0.00122991	-0.0051812	-7.08016e-07	-0.00188241	0.00238068	-0.00185862	0.00586248	0.00395238	0.00452554	0.0041715	-0.00156795	0.00106393	-0.0111024	-2.19058e-06	-0.0127049	-0.00808738	-0.00169148	0.00024293	0.00330799	-0.00354058	-0.000183598	0.0031466	-0.000441217	0.00038091	-0.00684947	-0.00352803	-0.0271503	-0.0168862	-0.000288973	-0.00683322	-0.0061491	-0.0097603	0.00231811	-0.00364899	-0.00336603	-0.00156014	-0.00391572	-0.00186211	0.000900914	-0.00736977	-0.00334655	-0.00284706	-0.00181694	-0.00382238	0.00320493	-0.00642599	-0.000871152	0.00130763	-0.00364146	-0.00715863	0.00111352	-0.0029594	-0.00386099	-0.002678	0.000324801	0.00409075	-0.00044997	0.00327615	0.00218973	-0.00217858	-0.00160597	4.11762e-05	-0.00113293	-0.00404993	-0.000334288	0.00149166	-0.00160208	-0.00338636	-0.00466397	-0.00446446	-0.0121019	-0.00208296	0.00434248	-0.000719103	-0.000179412	-0.00487495	-0.00568643	-0.00140484	0.00299401	0.00280779	-0.00486563	-0.0156221	-0.000541084	-0.00797489	-0.00128673	0.0032841	-0.00116361	-0.00291859	-0.0137379	-0.00532143	0.348883	-0.000430261	-0.00279541	0.00423747	0.000953796	-0.00584131	-0.000956627	0.00290376	4.60064e-05	0.00215217	1.75508e-05	0.00131387	-0.00121494	0.00124374	0.000885565	-0.00176914	-0.0108969	-0.00238243	-0.00270331	-0.00880861	0.0017007	-0.00435298	0.000610719	0.000949289	-0.0117279	-0.0132757	-0.000292958	-0.000454193	0.0021111	-0.0071647	0.00158562	0.0019523	0.00468485	-0.00279834	-0.00244942	0.0031635	-0.00118029	-0.00778224	-0.00762685	-0.00385359	-0.00674006	-0.00541409	-0.000202821	0.00170123	0.00312572	0.00417028	0.00241128	-0.00615526	0.00120296	0.0019769	0.000144913	-0.00120088	-0.00640127	0.00177309	0.00822169	-0.00183234	-0.00358197	-0.0011537	-0.000680634	-0.0145092	-0.00128671	-0.000150645	0.00277393	0.00150892	-0.000475213	-0.00999465	5.03588e-05	-0.00370029	-0.00329758	0.00177112	-0.0036065	-0.0145292	0.000756499	-0.00620722	-0.00195259	0.00508409	-0.00454867	-0.000290335	-0.00908933	0.00137135	-0.00541068	0.0191567	-0.00127527	-0.00605503	-0.0038382	-0.00241855	-0.0107748	-0.000986164	-0.00118993	-0.000757692	-0.00034628	0.00264647	0.00140516	-0.00970856	-0.000531346	0.00390343	-0.00242568	-0.00506565	0.00192269	-0.00867079	-0.00161998	-0.000482983	-0.00196658	-0.000557361	-0.00053381	0.003523	0.00280232	-0.00290525	0.000366775	-0.00326294	-0.00380165	0.0042332	-7.06557e-05	-0.00552489	-0.00575595	0.00460015	-0.00448538	0.00222047	-0.00876656	-0.00397717	-0.000319725	-0.00593305	-0.00814203	-0.00092147	0.00309469	-0.00173695	-0.00110206	-0.0099898	-0.00892505	-0.0013311	0.00376591	0.0014586	-0.00253114	-0.00785063	-0.00396283	-0.00438703	0.000172019	-0.00384191	-0.011288	0.00164321	-0.00293395	-0.00683675	-0.00196503	-0.000134977	-0.00295661	0.00246444	-0.00994589	-0.000485544	-0.00108007	-0.0848198	-0.00544043	-0.00475871	-0.00030442	-0.00748582	-0.00047457	-0.0091811	-0.00502923	-0.00156709	-0.00297951	-0.00356427	-0.00662509	-0.00200037	0.00365933	-0.015765	-0.00330202	-0.00100606	0.00338246	-0.00940327	4.54032e-05	0.00567442	0.00272226	0.00294224	-0.00731154	-0.00594719	-0.00782798	0.00217566	-0.00634392	0.00202578	0.0021443	0.0017563	-0.00332212	-0.00738027	-0.00354007	-0.000583308	0.00145331	-0.00350109	-0.00125402	-0.00333856	0.00107797	0.00173341	-0.0116462	0.000624849	-0.00132493	-0.000621842	0.0049894	0.00136792	-0.00391053	0.00212055	-0.00239799	-0.00449674
RIN	5.9	9.2	7.4	8.6	6.4	6.6	8.2	9.0	8.2	7.3	8.1	7.1	7.2	6.4	8.3	6.8	7.8	8.0	9.1	9.5	6.6	8.0	8.4	7.8	7.2	6.9	7.3	6.3	8.5	8.8	6.6	6.8	8.4	9.0	8.1	8.4	8.2	5.9	6.5	7.4	7.9	8.6	6.8	7.7	9.0	9.2	6.0	8.5	6.6	7.5	6.5	7.6	8.3	5.7	8.6	8.3	7.1	6.4	6.6	7.2	5.7	6.4	6.4	7.5	7.4	5.9	7.6	7.8	7.6	6.9	5.3	7.6	5.8	7.4	7.2	6.5	7.5	7.6	5.9	7.5	5.6	7.8	6.7	7.3	8.0	7.8	7.9	8.6	8.7	6.9	5.9	6.6	6.4	5.0	5.1	7.3	7.8	8.3	7.7	8.0	8.1	8.0	7.0	5.9	8.4	8.8	7.2	5.5	8.5	9.1	8.6	8.2	8.4	5.0	8.0	7.9	8.0	9.2	8.0	8.4	8.4	8.3	8.1	7.3	9.1	8.5	8.6	7.3	8.2	8.4	8.1	8.8	8.5	8.1	7.0	6.6	7.4	8.3	8.0	6.5	8.5	8.5	8.3	8.5	7.8	5.6	5.2	5.6	8.1	7.9	8.1	7.4	8.1	7.4	6.9	8.5	8.7	8.4	7.6	8.8	9.0	8.9	7.7	9.1	8.2	6.3	6.4	8.3	9.7	7.3	5.5	9.3	8.8	6.8	8.4	8.8	8.1	8.2	8.2	8.6	6.9	6.4	6.0	6.4	7.9	8.1	7.8	6.4	9.1	6.9	8.6	6.9	7.1	8.4	8.8	8.6	8.3	5.6	5.6	8.9	7.8	8.0	8.6	6.4	7.4	5.5	8.4	8.2	7.8	7.8	8.0	7.4	8.8	6.7	8.0	7.0	7.5	8.0	8.6	7.2	8.2	7.3	8.0	9.0	8.8	7.1	8.6	8.4	7.8	7.9	7.9	6.4	8.8	7.6	7.1	5.1	8.1	8.3	5.6	6.6	8.8	8.3	6.1	6.9	7.7	8.7	7.3	6.9	8.6	7.9	7.9	7.1	8.0	8.4	7.3	6.8	7.2	7.6	7.3	8.0	7.2	8.2	8.8	7.3	5.7	7.5	7.0	8.9	8.4	8.5	8.2	8.5	7.1	8.6	8.8	5.9	8.4	7.6	5.4	6.9	9.2	8.5	7.9	8.7	8.7	7.6	5.9	8.6	8.5	6.1	7.7	7.9	7.6	6.0	8.8	7.5	8.3	8.0	8.8	8.4	5.1	8.1	7.7	6.2	8.4	9.2	8.7	7.8	8.9	7.5	7.4	9.0	8.0	8.1	8.6	6.3	8.5	6.9	8.6	8.7	8.6	7.9	7.7	8.5	8.2	5.2	7.1	6.5	5.0	8.4	8.2	6.1	5.7	6.7	7.2	7.8	6.6	6.5	7.8	7.8	8.3	8.6	6.5	6.3	8.8	7.1	8.2	6.4	7.8	7.8	6.3	6.8	6.9	5.7	6.0	7.3	8.2	8.1	5.7	5.6	8.0	7.8
mito_rate	0.18831180218715587	0.30675858918196663	0.18986808885018247	0.2062106346545885	0.20993058275435647	0.1594256553590694	0.2100465558075655	0.1658559576795616	0.19140534891963334	0.1708923001607759	0.1557475651089721	0.12720781920153051	0.25012390274076685	0.17719343082837585	0.14813763957795437	0.20443422480018106	0.1748338884992967	0.21834447280687386	0.18774717099692714	0.18890051781053877	0.18736082640667473	0.16499121616151508	0.18511579199161327	0.18683440490154304	0.18716838204148223	0.19535408584273087	0.14781970004757863	0.18173441926391742	0.23161760597059744	0.15742403115392958	0.21464693517081687	0.17814839565127966	0.19439007857971763	0.21560219221801175	0.20313749328212793	0.19664010131551507	0.1876391209086773	0.19060452443081083	0.15666600843447825	0.21325388157677325	0.16504443716181155	0.1498073552575157	0.18368446922326526	0.17255950770750395	0.1789147792417839	0.17793627630155645	0.1988089708880886	0.19393775354536713	0.1923579260218971	0.14678973956624627	0.2095795169696058	0.1963597061406699	0.21358078390434854	0.2521587037479976	0.1883440822063118	0.2071465581442761	0.18434861522219748	0.1868784008147567	0.16031156715687808	0.1385607860876666	0.12370071190663667	0.20670883901344697	0.20690099224196065	0.15123502659700516	0.1570579485412937	0.189859702963604	0.1483934138131239	0.1575888219318004	0.20686712239199773	0.18637886361675612	0.19711915469260924	0.16049717753240897	0.20504396501817165	0.15394362281036286	0.1752105253374577	0.15113395980145308	0.1651517488143674	0.20029119266060286	0.20034490575176045	0.1624578644179032	0.25933404810615307	0.20526506769198835	0.18118692542929354	0.16524664637808065	0.2686543597613632	0.28555333197446725	0.27627687024593206	0.26012025207075673	0.23979566230161187	0.18676793322050766	0.34926605883598694	0.20415787288616385	0.24438810419788576	0.39008846819300463	0.26492094692182927	0.19127406769478159	0.2970426000954813	0.20402723476498144	0.20645767513499544	0.19600415731690957	0.2044376543968802	0.18751601220122233	0.1962083627866066	0.1484657539044266	0.18373621140714091	0.1707268674692379	0.1552383071477073	0.26479418948161065	0.1720028256708907	0.19842294681924857	0.017521403005898557	0.016081103958255825	0.17787133938023114	0.37644694589075556	0.24882950935720463	0.011660423580560058	0.020406216787829133	0.13546795767623765	0.014516405170480733	0.24404672750894685	0.18669628085827475	0.14856737280510338	0.22363584346765314	0.17996763906783772	0.01390476137772457	0.15213684735125055	0.170839787526864	0.19608903979813905	0.17168529071992336	0.24469672806982132	0.17980846551782026	0.2132344491018971	0.17391988257332233	0.016074830750102954	0.2560940913694893	0.012067899847945231	0.00981736904988398	0.015135965361857599	0.017692770766109846	0.14709806089860297	0.020377084153511627	0.014660517975347558	0.16727176077049039	0.18251034349284748	0.2401057833883958	0.23190898360906775	0.016485532892842155	0.2216446677316324	0.1537611074846196	0.015568867474529232	0.01974808851116585	0.22153006308436196	0.1759826815831335	0.014340564982489298	0.1920303349728281	0.17992618224849785	0.21733032710451852	0.20335797372819792	0.2082872811394547	0.17836315750766732	0.2099269986089048	0.20088079229581166	0.15339537816789647	0.17693551951297104	0.12964196492020352	0.1913089690153617	0.34367074382852064	0.021464588480476464	0.08998731255188111	0.20612172196254946	0.010692487172676433	0.2514230435204003	0.2517591159278777	0.1686673423330276	0.01260755170742848	0.22521635713608926	0.014574345048995175	0.17449184544289553	0.16093358972998417	0.17143663774204687	0.013274979586082697	0.16248126563113172	0.2014779197411455	0.20152427417165053	0.15790872410332063	0.1966006374170821	0.1607860283244002	0.21533787231792906	0.19298481002128334	0.17046227826071148	0.1875977582912322	0.16955793342745049	0.26957302712586884	0.18390024962059917	0.1913320797098701	0.14249371171250394	0.15432415128832297	0.23278261124763025	0.156870005510696	0.20257863802601794	0.206316053433224	0.23440349910545288	0.24764529801423346	0.25596722431093866	0.176889915853103	0.16051752934415736	0.279552656724899	0.18158866503382354	0.18876522862352532	0.1647894151329907	0.20437526346737947	0.24832334157104166	0.18554300215413172	0.15467966466009458	0.180012936622233	0.15410404015138093	0.016452190491601376	0.21779396034230025	0.18312050411336858	0.15671430591157512	0.018840423993488817	0.013682919720343632	0.16607775348574402	0.21204742971716506	0.19730929809873476	0.22239948719847796	0.28242565776022643	0.15882393386440385	0.1508205528337238	0.22177381619673434	0.18736325821773153	0.19659833601847837	0.16237867373754855	0.17438598170316771	0.18548924831373176	0.15962708881671595	0.1253601106758788	0.1928069075415447	0.1864055224077408	0.19963547243209415	0.2103437568620326	0.12954254151994343	0.2108661793111113	0.15819061702463405	0.21671278597676757	0.214685199939733	0.22919509801872306	0.1289912331388057	0.16789294476968022	0.24875428626975019	0.18859936028189045	0.15415322301689313	0.2229772795208396	0.18585989265126393	0.17822072800382696	0.011043195815116605	0.2172317774029955	0.1765364569413513	0.2168531873744005	0.17278195415147665	0.1588916478214862	0.14552561598287403	0.26346497121843954	0.20283031812206465	0.19427358929853492	0.14341912293419457	0.20360407081565646	0.20897818250397834	0.1551799872391012	0.01233749918879681	0.1785015166393259	0.19519064452713453	0.21307974710248384	0.20839748063024907	0.13268468818513257	0.20566102782431275	0.2334867194195441	0.01580078634524875	0.22893894530129105	0.1458625116608265	0.1681099841013971	0.23337515841715548	0.22034329125021682	0.22110600866132915	0.19420660540767773	0.12006157087093754	0.20762031192578745	0.013545406058246548	0.17845736893253997	0.17045481466359	0.18197362403188902	0.16601640128263978	0.16014788006945926	0.25449217712454875	0.21913306929076565	0.19302226911184325	0.17550978100624776	0.011893212522610257	0.20322007489176458	0.17808792241103877	0.19629986925492673	0.25068565965467826	0.21715220350192238	0.2553517305102074	0.21158188922824378	0.19069481873068092	0.21373500678778937	0.018188678335584497	0.2031825637263302	0.20460030285659134	0.23189671195926176	0.016235144924917132	0.1820752398397645	0.17832862639384253	0.012543271653943117	0.19348892777197454	0.2075609662214619	0.018603898812734346	0.17250847276216758	0.17881336610659845	0.15174942831059124	0.007286849764310987	0.20107954467574335	0.2086153753131242	0.19465339036947502	0.1846727891850899	0.17204115624018887	0.23573300069293912	0.2199442127395871	0.1913173792326848	0.01826948111240571	0.13227931164126863	0.14948302782560569	0.13024242504119693	0.1932183918020662	0.22131657594550738	0.2538300499585653	0.016475611324820526	0.19000749209967305	0.16917521329716126	0.1742795223154654	0.17677321414104588	0.010288319810632439	0.18523155850240874	0.19701178139709183	0.15111093421135247	0.18781024989647366	0.22894095440562032	0.18875975092548444	0.2103015367295685	0.22076405045061104	0.22618528045244146	0.011306778170534883	0.22433817789749058	0.2382072338152673	0.1789003794237978	0.2184504695563294	0.24189481932744744	0.17318023999086948	0.209227064287121	0.14713298906310854	0.21651638164424158
mapping_rate	0.959978	0.96253	0.958259	0.964368	0.960641	0.961898	0.960623	0.961639	0.965821	0.961718	0.966261	0.973881	0.972266	0.977187	0.974925	0.973562	0.976741	0.973394	0.973703	0.973806	0.974452	0.979129	0.977666	0.96763	0.977441	0.97612	0.975456	0.975952	0.96211	0.960987	0.960131	0.9746	0.976505	0.977833	0.965898	0.978261	0.9771	0.977605	0.976111	0.961163	0.978246	0.97802	0.98048	0.982823	0.982776	0.982644	0.982826	0.983589	0.98062	0.978634	0.979745	0.976977	0.98162	0.976374	0.979505	0.980414	0.983684	0.978647	0.983221	0.979254	0.979766	0.978615	0.979574	0.98255	0.98199	0.979521	0.978432	0.981038	0.983465	0.980874	0.979585	0.979351	0.978408	0.978525	0.980491	0.973626	0.980681	0.977179	0.977905	0.976283	0.976247	0.977203	0.973086	0.972917	0.953793	0.950542	0.957267	0.948851	0.967816	0.980468	0.971829	0.969528	0.972996	0.95563	0.962452	0.969433	0.957856	0.966707	0.971524	0.956121	0.974404	0.971259	0.962376	0.975404	0.968844	0.973636	0.981459	0.957284	0.970267	0.9665	0.966883	0.965482	0.969031	0.969535	0.963197	0.976045	0.963427	0.963387	0.978119	0.952124	0.971613	0.970512	0.970731	0.971791	0.972283	0.969626	0.971266	0.974629	0.975535	0.981808	0.973035	0.979242	0.972307	0.968904	0.957891	0.974343	0.949108	0.963495	0.970952	0.965344	0.972271	0.965308	0.971851	0.972476	0.960687	0.975056	0.977577	0.970669	0.971274	0.976727	0.975227	0.980888	0.967523	0.973346	0.967656	0.963762	0.973606	0.972389	0.960204	0.974035	0.969655	0.97825	0.9709	0.95969	0.97341	0.966896	0.952911	0.968019	0.959669	0.969975	0.960776	0.96059	0.964066	0.967328	0.977787	0.962322	0.976362	0.980094	0.966884	0.973616	0.949497	0.961547	0.967172	0.976644	0.973373	0.973366	0.978764	0.970504	0.982321	0.967904	0.978173	0.964293	0.967282	0.967721	0.97963	0.973658	0.970765	0.969476	0.974521	0.969825	0.966388	0.957819	0.971144	0.972113	0.956662	0.96539	0.958546	0.976995	0.970585	0.967344	0.974633	0.965251	0.974979	0.974498	0.970461	0.972715	0.977723	0.973553	0.979159	0.973996	0.972514	0.954594	0.972051	0.951301	0.975674	0.975788	0.980825	0.983004	0.971146	0.956323	0.976991	0.963694	0.974089	0.966344	0.960102	0.966075	0.973489	0.960575	0.961497	0.973916	0.956794	0.973279	0.972849	0.975587	0.978812	0.977862	0.95682	0.97344	0.965795	0.977213	0.972214	0.967768	0.968298	0.972533	0.960675	0.970108	0.961616	0.970278	0.960148	0.967462	0.966542	0.97273	0.979435	0.970772	0.964087	0.975901	0.966339	0.957246	0.974722	0.968786	0.972889	0.974628	0.977977	0.967353	0.976579	0.957824	0.963953	0.972445	0.956787	0.969404	0.979893	0.976621	0.96805	0.969222	0.970491	0.965218	0.973952	0.973859	0.970315	0.972717	0.976302	0.970991	0.980983	0.968271	0.964626	0.976034	0.967815	0.975453	0.97803	0.977854	0.966826	0.961328	0.968169	0.965594	0.96215	0.968467	0.961305	0.966514	0.968111	0.963676	0.975211	0.978263	0.959423	0.968812	0.972798	0.968087	0.96011	0.972335	0.959753	0.968027	0.976564	0.970064	0.951403	0.970023	0.9665	0.959596	0.97905	0.958383	0.948888	0.971278	0.967794	0.973967	0.964921	0.970361	0.967285	0.972653	0.971192	0.975627	0.966883	0.970788	0.981084	0.969698	0.956611	0.971748	0.973657	0.9661	0.983424	0.959126	0.968389	0.954183	0.963544	0.973182	0.968534	0.961514	0.972486	0.959902	0.971674	0.97801	0.963685	0.963911	0.962156	0.965108
Sex_M	1.0	1.0	1.0	1.0	1.0	0.0	1.0	1.0	0.0	1.0	1.0	1.0	0.0	1.0	0.0	1.0	1.0	1.0	1.0	1.0	0.0	1.0	0.0	1.0	1.0	1.0	1.0	1.0	0.0	1.0	1.0	0.0	1.0	1.0	0.0	1.0	1.0	1.0	1.0	1.0	1.0	0.0	0.0	1.0	1.0	1.0	1.0	1.0	1.0	1.0	0.0	1.0	1.0	0.0	1.0	1.0	1.0	1.0	0.0	0.0	0.0	1.0	1.0	0.0	0.0	1.0	0.0	0.0	0.0	1.0	0.0	1.0	1.0	1.0	1.0	1.0	1.0	1.0	1.0	1.0	1.0	0.0	1.0	1.0	1.0	1.0	1.0	1.0	1.0	1.0	0.0	0.0	0.0	0.0	0.0	1.0	1.0	1.0	1.0	0.0	1.0	0.0	1.0	1.0	1.0	1.0	1.0	0.0	0.0	1.0	1.0	0.0	1.0	0.0	1.0	1.0	1.0	1.0	0.0	1.0	1.0	1.0	0.0	1.0	1.0	1.0	0.0	1.0	1.0	1.0	0.0	1.0	1.0	1.0	1.0	1.0	1.0	1.0	1.0	1.0	1.0	0.0	1.0	0.0	1.0	0.0	0.0	0.0	1.0	0.0	0.0	1.0	1.0	1.0	0.0	0.0	0.0	0.0	0.0	1.0	1.0	1.0	0.0	1.0	1.0	0.0	0.0	1.0	0.0	0.0	1.0	1.0	0.0	1.0	0.0	1.0	0.0	0.0	1.0	1.0	1.0	1.0	0.0	1.0	1.0	1.0	0.0	0.0	1.0	1.0	1.0	1.0	0.0	1.0	1.0	1.0	1.0	1.0	1.0	0.0	1.0	1.0	1.0	0.0	1.0	1.0	1.0	1.0	1.0	1.0	1.0	1.0	1.0	1.0	0.0	0.0	0.0	1.0	1.0	0.0	1.0	1.0	1.0	0.0	1.0	0.0	0.0	1.0	0.0	0.0	1.0	0.0	1.0	1.0	1.0	1.0	0.0	0.0	1.0	0.0	1.0	0.0	0.0	1.0	1.0	1.0	1.0	1.0	0.0	1.0	0.0	0.0	1.0	1.0	1.0	0.0	0.0	1.0	0.0	0.0	0.0	0.0	1.0	1.0	1.0	1.0	1.0	1.0	1.0	1.0	1.0	1.0	0.0	0.0	1.0	0.0	1.0	1.0	0.0	1.0	0.0	0.0	0.0	1.0	0.0	0.0	1.0	1.0	1.0	1.0	1.0	1.0	1.0	0.0	1.0	1.0	0.0	0.0	1.0	1.0	1.0	0.0	1.0	1.0	1.0	1.0	1.0	0.0	0.0	1.0	1.0	1.0	0.0	1.0	0.0	0.0	0.0	0.0	0.0	1.0	0.0	1.0	1.0	1.0	1.0	1.0	1.0	1.0	1.0	0.0	0.0	1.0	0.0	0.0	1.0	1.0	1.0	1.0	1.0	1.0	0.0	1.0	1.0	1.0	1.0	1.0	1.0	1.0	0.0	1.0	1.0	1.0	1.0	0.0	1.0	1.0	1.0	1.0	1.0	1.0	1.0	1.0
Dx_MDD	0.0	0.0	0.0	0.0	0.0	0.0	0.0	0.0	0.0	0.0	0.0	0.0	0.0	0.0	0.0	0.0	0.0	0.0	0.0	0.0	0.0	0.0	0.0	0.0	0.0	0.0	0.0	0.0	0.0	0.0	0.0	0.0	0.0	0.0	0.0	0.0	0.0	0.0	0.0	0.0	0.0	0.0	0.0	0.0	0.0	0.0	0.0	0.0	0.0	0.0	0.0	0.0	0.0	0.0	0.0	0.0	0.0	0.0	0.0	0.0	0.0	0.0	0.0	0.0	0.0	0.0	0.0	0.0	0.0	0.0	0.0	0.0	0.0	0.0	0.0	0.0	0.0	0.0	0.0	0.0	0.0	0.0	0.0	0.0	0.0	0.0	0.0	0.0	0.0	0.0	0.0	0.0	0.0	0.0	0.0	0.0	0.0	0.0	0.0	0.0	0.0	0.0	0.0	0.0	0.0	0.0	0.0	0.0	0.0	0.0	0.0	0.0	0.0	0.0	0.0	0.0	0.0	0.0	0.0	0.0	0.0	0.0	0.0	0.0	0.0	0.0	0.0	0.0	0.0	0.0	0.0	0.0	0.0	0.0	0.0	0.0	0.0	0.0	0.0	0.0	0.0	0.0	0.0	0.0	0.0	0.0	0.0	0.0	0.0	0.0	0.0	0.0	0.0	0.0	0.0	0.0	0.0	0.0	0.0	0.0	0.0	0.0	0.0	0.0	0.0	0.0	0.0	0.0	1.0	0.0	0.0	0.0	0.0	0.0	0.0	0.0	0.0	0.0	0.0	0.0	0.0	0.0	0.0	0.0	0.0	0.0	0.0	0.0	0.0	0.0	0.0	0.0	0.0	0.0	0.0	0.0	0.0	0.0	0.0	0.0	0.0	0.0	0.0	0.0	0.0	0.0	0.0	0.0	0.0	0.0	0.0	0.0	0.0	0.0	0.0	0.0	0.0	0.0	0.0	0.0	0.0	0.0	0.0	0.0	0.0	0.0	0.0	0.0	0.0	0.0	0.0	0.0	0.0	0.0	0.0	0.0	0.0	0.0	0.0	0.0	0.0	0.0	0.0	0.0	0.0	0.0	0.0	0.0	0.0	0.0	0.0	0.0	0.0	0.0	0.0	0.0	0.0	0.0	0.0	0.0	0.0	0.0	0.0	0.0	0.0	0.0	0.0	0.0	0.0	0.0	0.0	0.0	0.0	0.0	0.0	0.0	0.0	0.0	0.0	0.0	0.0	0.0	0.0	0.0	0.0	0.0	0.0	0.0	0.0	0.0	0.0	0.0	0.0	0.0	0.0	0.0	0.0	0.0	0.0	0.0	0.0	0.0	0.0	0.0	0.0	0.0	0.0	0.0	0.0	0.0	0.0	0.0	0.0	0.0	0.0	0.0	0.0	0.0	0.0	0.0	0.0	0.0	0.0	0.0	0.0	0.0	0.0	0.0	0.0	0.0	0.0	0.0	0.0	0.0	0.0	0.0	0.0	0.0	0.0	0.0	0.0	0.0	0.0	0.0	0.0	0.0	0.0	0.0	0.0	0.0	0.0	0.0	0.0	0.0	0.0	0.0	0.0	0.0	0.0	0.0	0.0	0.0
Dx_SCZD	0.0	0.0	1.0	0.0	0.0	0.0	0.0	0.0	0.0	0.0	0.0	1.0	1.0	1.0	1.0	1.0	1.0	0.0	0.0	0.0	0.0	0.0	0.0	0.0	0.0	0.0	1.0	0.0	0.0	0.0	0.0	0.0	0.0	0.0	0.0	0.0	0.0	0.0	0.0	0.0	0.0	0.0	1.0	1.0	1.0	1.0	1.0	1.0	1.0	1.0	0.0	1.0	1.0	1.0	1.0	0.0	0.0	0.0	0.0	1.0	0.0	1.0	1.0	0.0	1.0	0.0	0.0	0.0	0.0	0.0	1.0	0.0	0.0	0.0	0.0	0.0	0.0	0.0	0.0	0.0	0.0	0.0	0.0	0.0	0.0	0.0	0.0	0.0	1.0	0.0	0.0	0.0	1.0	0.0	0.0	0.0	0.0	0.0	0.0	1.0	0.0	0.0	1.0	0.0	0.0	0.0	1.0	1.0	0.0	1.0	0.0	0.0	0.0	1.0	1.0	0.0	0.0	0.0	0.0	1.0	1.0	0.0	0.0	0.0	0.0	0.0	0.0	1.0	0.0	0.0	0.0	0.0	1.0	0.0	0.0	0.0	0.0	0.0	0.0	0.0	0.0	0.0	0.0	1.0	0.0	1.0	0.0	0.0	0.0	0.0	0.0	0.0	1.0	0.0	1.0	1.0	0.0	1.0	0.0	0.0	0.0	0.0	0.0	1.0	0.0	1.0	1.0	0.0	0.0	1.0	0.0	0.0	0.0	1.0	0.0	1.0	0.0	1.0	0.0	1.0	0.0	1.0	1.0	1.0	1.0	1.0	1.0	0.0	0.0	1.0	1.0	1.0	0.0	0.0	0.0	0.0	0.0	0.0	0.0	0.0	1.0	0.0	1.0	0.0	1.0	1.0	0.0	0.0	0.0	0.0	0.0	0.0	0.0	0.0	0.0	0.0	0.0	0.0	0.0	0.0	0.0	0.0	0.0	0.0	0.0	0.0	0.0	0.0	0.0	0.0	0.0	0.0	1.0	1.0	0.0	1.0	0.0	1.0	1.0	1.0	1.0	0.0	0.0	0.0	1.0	0.0	0.0	1.0	0.0	1.0	0.0	1.0	1.0	1.0	0.0	0.0	1.0	1.0	1.0	1.0	1.0	0.0	0.0	1.0	1.0	1.0	1.0	1.0	0.0	0.0	0.0	1.0	1.0	0.0	0.0	1.0	0.0	0.0	1.0	1.0	1.0	0.0	1.0	1.0	1.0	1.0	1.0	0.0	0.0	1.0	1.0	1.0	1.0	0.0	0.0	0.0	0.0	0.0	0.0	0.0	1.0	0.0	0.0	0.0	0.0	0.0	0.0	0.0	0.0	0.0	0.0	0.0	1.0	0.0	0.0	0.0	0.0	0.0	1.0	0.0	1.0	0.0	0.0	1.0	1.0	1.0	0.0	1.0	1.0	0.0	0.0	1.0	1.0	1.0	1.0	0.0	1.0	0.0	1.0	0.0	1.0	0.0	0.0	0.0	0.0	0.0	0.0	0.0	1.0	1.0	1.0	1.0	0.0	0.0	0.0	1.0	0.0	0.0	0.0	1.0	0.0	0.0
