	Br1436	Br1183	Br1610	Br1958	Br2470	Br1271	Br1279	Br1987	Br2353	Br1351	Br2378	Br2464	Br1384	Br1412	Br5217	Br5224	Br5234	Br5282	Br5319	Br5355	Br5359	Br5373	Br5398	Br1909	Br2063	Br2080	Br2285	Br2288	Br2474	Br2476	Br2521	Br2533	Br2534	Br2557	Br2573	Br5315	Br2542	Br2582	Br5005	Br5024	Br5026	Br5062	Br5066	Br5154	Br5161	Br5165	Br5168	Br5182	Br5190	Br5200	Br5205	Br5207	Br5212	Br5228	Br5235	Br5237	Br5239	Br5243	Br5250	Br5262	Br5276	Br5280	Br5287	Br5292	Br5310	Br5314	Br5324	Br5347	Br5348	Br5367	Br5401	Br5422	Br5551	Br5584	Br2083	Br5242	Br5488	Br5555	Br5556	Br5590	Br1327	Br1437	Br1511	Br1921	Br1947	Br1984	Br1992	Br2022	Br2269	Br1414	Br1677	Br1724	Br1734	Br1760	Br1931	Br1163	Br1415	Br1430	Br1454	Br1554	Br1562	Br1630	Br1713	Br1744	Br1752	Br1821	Br1896	Br1901	Br1404	Br1651	Br2040	Br2071	Br2078	Br2262	Br2272	Br2294	Br2309	Br0922	Br1016	Br1092	Br1093	Br1109	Br1113	Br1189	Br1203	Br1204	Br1214	Br1245	Br1288	Br1356	Br1383	Br1389	Br1453	Br1474	Br1487	Br1373	Br1498	Br1507	Br1526	Br1532	Br1537	Br1550	Br1553	Br1558	Br1565	Br1568	Br1578	Br1580	Br1594	Br1595	Br1602	Br1613	Br1624	Br1654	Br1669	Br1670	Br1674	Br1676	Br1695	Br1697	Br1735	Br1750	Br1753	Br1756	Br1761	Br1842	Br1848	Br1856	Br1865	Br1946	Br1960	Br1988	Br1995	Br2001	Br2009	Br2015	Br2026	Br2027	Br2039	Br2044	Br2052	Br2073	Br2084	Br2242	Br2257	Br2271	Br2291	Br2292	Br2301	Br2322	Br2333	Br2337	Br2343	Br2346	Br2371	Br2374	Br2421	Br2423	Br2425	Br2454	Br1023	Br1033	Br1034	Br1139	Br1243	Br1264	Br1304	Br1339	Br1350	Br1378	Br1416	Br1443	Br1446	Br1499	Br1529	Br1637	Br1646	Br1648	Br1649	Br1678	Br1738	Br1432	Br1458	Br1463	Br1581	Br1682	Br1890	Br1980	Br1998
SNP_PC1	0.0331909	-0.00811196	0.0976564	-0.00150171	-0.00461103	-0.0025221	-0.00183629	0.00958993	-0.00686926	-0.000892231	0.0543991	-0.0105909	0.0419914	-0.00567097	-0.0111667	-0.00480847	-0.00829193	-0.00101961	-0.00751355	-0.00458189	-0.0063599	-0.00756394	-0.00375808	-0.00623203	-0.00393103	-0.00313137	-0.00834528	-0.0071224	0.0135166	-0.00575524	-0.0100673	0.0410061	-0.00788522	0.00569124	-0.00364531	0.0113903	-0.0111496	-0.00803537	0.0420922	0.00573301	-0.00779153	-0.0102285	0.00277253	0.000362364	-0.00878819	-0.000652274	-0.00409396	-0.00854097	0.0374105	-0.00243465	0.0222764	0.0254492	-0.0075329	-0.00524639	0.0153548	-0.00819102	-0.0122064	-0.0103989	-0.00429129	-0.00811871	-0.00819243	-0.0117965	-0.00157739	-0.00969462	-0.00911834	-0.00743082	-0.00419164	-0.00373826	-0.00542227	-0.00187496	-0.0065711	-0.0113965	0.0431091	-0.00548564	-0.001656	-0.00887558	-0.0102517	-0.0049328	-0.00296118	-0.00381332	-0.00668621	-0.0105237	-0.00930053	-0.00798339	-0.00882801	-0.00770842	-0.00114964	-0.00940125	-0.0026478	-0.0111812	0.00169106	-0.0078007	-0.0042677	-0.0013661	-0.00481685	0.0420095	-0.00464775	0.038204	-0.0029909	-0.00749336	-0.0100543	-0.00308798	0.0089446	-0.00702521	-0.00927998	-0.00316878	-0.00317228	-0.00821188	-0.00722666	-0.0100395	-0.00847021	0.0418496	-0.00526246	-0.00928545	0.01617	-0.0105158	-0.0103272	5.32662e-05	-0.00206243	-0.00101845	-0.00484183	-0.00444423	0.028523	-0.0107659	-0.0070475	-0.00654461	-0.0057542	0.0307813	-0.00632616	-0.00370747	0.00223331	0.00674963	0.0459176	0.025805	-0.00372919	-0.0042961	-0.00656618	0.00177049	-0.00319378	0.0108018	-0.0087047	0.000114937	-0.00663361	0.000211721	-0.00964569	-0.0107417	-0.0107822	-0.0062901	-0.005265	-0.00653229	-0.00880518	-0.00782768	-0.00353607	0.0435543	-0.00840988	-0.00390631	-0.00197546	0.0345674	0.040123	0.0149318	-0.00654377	-0.0113369	-0.00634021	-0.00439341	-0.0123834	-0.00812942	-0.00195757	-0.010476	-0.00660075	-0.00747254	-0.00633823	-0.0074788	-0.0108209	-0.00841288	-0.00625338	0.0173331	-0.0110249	0.0149458	0.0277483	-0.00718174	0.00469395	-0.00123185	0.0106175	-0.00350412	0.0404175	-0.011198	-0.00707966	-0.0022168	-0.00289691	-0.0127437	0.0457535	-0.0075339	0.0220211	-0.00874616	-0.010877	0.0073755	-0.0110804	-0.00518869	-0.0107728	-0.00902018	0.0441544	-0.00277948	-0.00537136	-0.0105834	0.111378	-0.00336777	-0.00537797	-0.00553373	0.0148438	0.0108138	-0.00224336	-0.0101869	0.00880641	0.00279159	-0.00987877	-0.0061812	0.0152642	-0.00725998	0.0351322	-0.0116439	-0.00632811	-0.00640604	-0.0104739	0.000383558	-0.00367868	-0.00900184	0.0123051	0.00206329	-0.00113897
SNP_PC2	-0.0183912	-0.00206009	-0.0711307	0.000261064	-0.00714756	-0.00383056	-0.0111445	0.0302291	0.000137122	0.0130397	-0.0559299	-0.0124654	0.122623	-0.00846998	-0.00556815	-0.00509422	-0.000551627	-0.0119871	0.00264572	0.00734548	-0.00580091	-0.0122238	0.00216134	-0.00855844	0.00574652	0.00222314	-0.0107912	-0.00620485	0.0402383	-0.0064289	-0.0100092	0.119101	-0.00526456	-0.014477	-0.0101542	0.0364352	-0.00951911	-0.00927992	0.120499	-0.00995007	-0.0175234	-0.00219916	0.0150363	0.0137224	-0.00271127	-0.0129409	0.00765366	0.00034456	0.114663	-0.0086909	0.0528062	0.0649055	0.00685639	0.00116074	0.030505	-0.0143945	-0.0179792	-0.00850116	-0.00313014	-0.00401826	-0.0155405	-0.0106602	-0.015026	-0.00325906	-0.0061162	-0.00838273	0.00541449	-0.00988229	-0.00246813	0.00653114	-0.011053	-0.00500767	0.0927239	-0.00101843	-0.00876958	0.00229011	-0.00780355	-0.0151888	-0.0158999	0.00260241	-0.00377471	-0.0156087	-0.00539035	-0.0102852	-0.00546991	-0.00972272	0.000966583	-0.0023581	-0.0148534	-0.00926604	0.00513867	-0.0101066	0.00160152	-0.00596315	-0.0100042	0.115533	-0.0089272	0.115944	-0.00472967	-0.00755491	0.00545536	0.00120524	0.0281396	-0.00770401	-0.00249877	-0.00525088	-0.00300211	-0.00169267	0.00106864	-0.00783358	-0.00280455	0.119187	-0.0103922	-0.00779255	0.0563593	-0.0126601	-0.0109851	-0.0108955	0.0162247	-0.00249987	-0.00142095	-0.00295523	0.000140697	-0.00656366	-0.0086062	-0.00146344	-0.00408158	0.0709653	-0.00704057	-0.00620329	0.0225307	0.0129297	-0.02111	0.0335269	-0.00286742	-0.00308922	-0.00282935	0.00753181	-0.00113067	0.027569	0.00472467	0.00373521	0.000932712	-0.00342158	-0.00779296	-0.000918641	-0.0133652	-0.00771543	-0.0058679	-0.00537747	-0.00691782	-0.00125002	0.00189066	0.118357	-0.00570682	0.00819381	0.00172823	0.116775	0.117119	0.050957	-0.00729773	-0.0115854	-0.00332548	-0.00354786	-0.00858101	-0.000792218	-0.0127504	-0.010637	-0.00575213	-0.0125985	-0.00287831	-0.0148369	-0.0105331	-0.00158386	-0.00780835	0.0559828	-0.0157704	0.0548679	-0.0103725	-0.00578215	0.0132516	0.00149203	0.0262213	0.00128561	0.114386	-0.0101962	0.00345714	0.00221267	-0.00817911	-0.0128641	0.0108978	-0.00719529	0.0585969	-0.00963368	-0.0183166	0.0313022	-0.00998665	0.00266046	-0.00865618	-0.00438263	0.118148	0.00388058	0.00664888	-0.0106964	-0.0224393	0.00782376	-0.00941365	-0.00346311	0.0325791	0.0341691	-0.0176825	-0.0127248	0.0289275	0.0120389	-0.0120555	-0.0119402	0.0583817	-0.00526728	-0.0220336	-0.0164435	-0.00742208	-0.0111591	-0.00759532	0.000660291	-0.000759603	-0.00995369	0.0435404	0.00606532	0.0036327
SNP_PC3	0.0452915	-0.0105454	0.17099	-0.00468931	0.000413109	0.00279581	0.00519037	0.0104715	-0.00552521	0.000605854	0.114326	-0.000220566	0.0126388	-0.000612666	0.00490032	-0.00109322	-0.00117475	-0.0106375	-0.00494281	-0.00467944	-0.00234446	0.000408586	4.98903e-05	0.00285487	0.00204328	-0.00486612	-0.00194201	0.000795304	-0.00185013	0.00269223	-0.00340032	0.0159402	-0.0031169	-0.0130201	0.00257029	0.0036466	0.000971897	-0.000460034	0.0117996	-0.00998787	-0.00415472	-0.00614755	0.00216451	0.00599836	-0.0102949	-0.00912568	0.00183225	-0.0077846	0.0207187	-0.00617475	-0.0010186	0.00554695	-0.000128314	-0.00650575	-0.0031506	-0.0031807	-0.00117674	-0.00821207	-0.00568222	-0.00449718	-0.0116892	0.00309456	-0.00724743	0.000521661	0.00416281	-0.00756508	-0.00378461	-0.00761035	-0.0082135	-0.00756054	0.00680565	-0.00623657	0.0182133	-0.00294762	0.00767179	-5.14457e-06	-0.00112645	0.00291427	-0.0112818	0.0079348	-0.00357899	-0.000486415	-0.00665477	-0.00246252	-0.00677018	-0.00365808	0.00692812	-0.00475114	-0.00225131	0.000286903	-0.00614882	-0.00583731	-0.0034536	-0.00341569	0.000674386	0.015873	3.06396e-05	0.0112917	0.000894827	-0.00176251	-0.00467121	-0.00937656	0.00357264	-0.000211529	-0.00146322	-0.00371781	-0.00263924	0.0014976	0.000423907	0.00069606	0.00381544	0.0261203	0.000519496	-0.00389527	0.00144342	-0.00618993	-0.00701402	0.00516521	0.00450021	0.00521082	-0.00741066	-0.00450761	-0.0189991	-0.00539765	-0.00220672	-0.00294056	-0.00297066	-0.000560425	-0.00655633	0.00182919	-0.000482741	-0.0113723	0.0365122	0.0020215	-0.000756628	-0.00593422	-0.0013485	0.00203824	-0.000189797	0.0113864	-0.00788846	-0.00920833	-0.00351859	-0.007151	-0.00342662	-0.00501394	-0.00627219	-0.00229718	0.00452883	0.00304852	-0.0121864	-0.00316177	0.00342893	0.0247752	-0.00540583	-0.00515225	-0.0092936	0.0212152	0.0198456	0.00586855	-0.00330649	-0.00893908	-0.00339388	-0.000498064	-0.00516544	-0.00380578	-0.00131274	-0.00870686	-0.00995104	-0.00218362	-0.00467153	-0.00143921	-0.00379471	-0.00370578	-0.00984616	0.00476197	-0.00673824	0.00285239	0.0349561	-0.0110275	0.00162468	-0.00280402	-0.00978188	-0.00363399	0.0143086	-0.006392	-0.000898685	0.00304419	0.00183665	-0.00317034	0.0485055	0.00081797	0.00545024	-0.00296736	-0.00148252	-0.00534328	-0.00814228	-0.00891902	-0.00319766	-0.00438412	0.0146055	0.00143316	0.00160894	0.00129976	0.114441	0.00331385	-0.00629146	-0.0019399	0.0137566	0.00312181	0.0179161	-0.00516547	0.00338938	0.00884062	-0.00402665	1.92902e-06	0.00736855	-0.00650757	0.0547889	-0.00226446	-0.00700208	-0.00487699	-0.00728349	0.00747535	-0.0041967	-0.0027322	-0.000699733	-0.00259543	-0.00543609
SNP_PC4	0.00386032	-0.00238451	0.00104482	0.00155904	-0.0079015	-0.0207166	0.00739412	-0.00135846	0.00547275	0.00646933	-0.00751215	-0.00194247	-0.0037083	0.00252141	-0.00121084	-0.00135827	0.00662471	-0.0020311	0.000715519	0.00362179	0.00815502	0.00425649	0.00258561	0.010124	-0.00496558	0.0167539	-0.0054032	-0.00447222	0.0160023	-0.0128878	0.00718409	0.00662347	-0.000282376	0.00343816	-0.022155	-0.00422295	-0.0136482	0.00976072	-0.00254276	0.00571	0.00719139	0.007894	-0.00985371	-0.00258682	0.00500747	0.012095	0.00957138	0.0099037	-0.00260455	0.0047553	0.00728816	0.0106648	0.00881407	0.00839323	0.00794358	-0.00249731	0.00571107	0.00896149	0.00381527	0.00911132	0.00360164	-0.0140327	0.00390475	0.00553349	0.0110249	0.00543373	0.00412831	0.00444092	-0.00180481	-0.0100819	-0.0177106	0.0125496	0.00727765	0.00199598	-0.00920676	0.0062343	0.00731254	-0.013125	-0.0111603	0.0033988	0.000435942	-0.00118479	0.00821405	6.83178e-05	0.00163796	0.00654048	-0.00562876	-0.000219121	0.00326183	0.000910485	-0.0014085	0.00332635	0.0150514	-0.00278858	0.00551011	0.00240594	0.00244044	-0.000352265	0.0020335	-0.00233461	0.00515559	-0.00141434	-0.000480535	0.0104929	0.0141948	0.0200642	-0.00984359	0.00529704	0.00162351	0.00733177	-0.0111166	0.00993437	-3.65243e-05	0.00779588	-0.00775495	0.0133616	0.00711947	-0.0139156	0.0101257	-0.0134645	0.00307332	0.00694746	0.00473655	-0.00768026	0.00115064	0.00556689	0.00296659	0.00703378	0.0104045	-0.0260239	-0.000650996	0.00224901	-0.010139	0.00476126	-0.0027687	0.000628157	0.00777073	-0.00592466	0.00762439	0.00488289	-0.00608047	0.0162725	0.0034713	-0.00462157	0.00208463	-0.00364583	0.00235977	0.000382541	0.00560191	-0.0135671	-0.00405002	-0.00672084	-0.0102098	0.00412224	0.0197856	0.00806145	0.00238338	-0.00246413	-0.013088	0.00641724	-0.000378964	0.00593894	0.00289457	0.0100767	0.00998654	0.00971163	0.0011376	0.0058954	0.00372146	-0.0158725	0.00964756	0.0039181	0.00236161	0.00762379	-0.00132578	0.00439572	0.0148454	0.0131157	-0.0101053	0.00431806	-0.00509067	0.0168033	0.00677634	0.00452463	0.00696835	0.0030765	-0.00373545	0.00976211	0.0164457	0.00709652	-0.00205686	-0.00342409	0.00173522	-0.00675039	0.00898238	0.00546723	-0.000155392	0.0069527	-0.00044396	-0.00691478	-0.00107632	-0.0130773	-0.00936537	0.00254499	-0.000789926	0.00510579	0.01639	-0.00514697	-0.00960337	0.0018491	0.0043151	0.000752154	0.0126176	-0.0180079	-0.00739077	0.00297431	-0.0012189	-0.000384917	-0.00398603	-0.0100221	0.0051219	7.98288e-05	0.00340522	-0.0150438	0.00305904	0.0134848	0.0102782	0.00580271	-0.000245392
SNP_PC5	0.017334	0.0167652	0.0323574	0.00453537	-0.00896283	-0.0844361	0.0142118	0.00270585	0.00531473	-0.0069053	0.0234577	-0.0029565	-0.00699323	-0.0475875	0.0233455	0.00850938	0.00584354	0.0207754	0.000266511	-0.00260034	0.0105974	0.00892326	-0.00636695	0.0092709	-0.0274654	0.012066	0.00337103	-0.0198982	0.0310663	-0.0874734	0.00836182	0.0284313	0.0196987	0.00183343	-0.0951784	-0.00292512	-0.0896144	0.00278209	-0.00910361	0.0166443	0.0130983	0.01694	-0.0372584	0.014832	-0.00141994	0.0115447	-0.00491763	0.0164669	0.00754142	0.0212771	-0.0139906	0.00509252	0.00912613	-0.000143569	0.0148172	0.0106518	0.0139197	0.0168499	0.0142132	-0.0142214	0.0239518	0.0238785	0.0282955	-0.00602412	0.0198127	0.0153334	0.00149499	0.0308073	-0.0133066	0.0252652	-0.118211	0.0164112	-0.00235777	0.00161411	-0.0963856	-1.38632e-05	0.00580727	-0.0503261	0.0223733	-0.0194897	0.0100678	0.00960488	0.00682369	0.0153066	0.000452898	0.0351091	-0.0869816	-0.0022195	0.0163224	0.000208482	-0.0209995	0.0124512	-0.00639038	0.00185208	0.00725144	0.0166239	-0.00203754	0.00714904	-0.0129067	0.0127768	0.00189031	0.0193788	0.0245463	0.00930632	0.0172328	0.0069702	-0.0222375	-0.0195794	0.000398534	0.0617946	-0.0476968	0.00128273	0.00993206	-0.002314	0.00574323	0.043846	0.0307375	-0.131564	-0.011593	-0.124691	-0.0176664	0.00269267	0.0310797	0.0389038	-0.00315698	0.0189882	0.0246976	0.00895545	0.0216792	-0.0488929	0.00309376	0.0319365	0.0210855	-0.00556602	-0.02004	0.00200793	0.0203871	-0.00852329	-0.021472	-0.0422965	0.0170674	0.00165469	0.00843695	-0.0135972	0.00827292	0.0314098	0.0237781	-0.0415844	0.0273897	-0.00571197	0.0250724	-0.00245882	-0.0145984	0.00191821	-0.0016738	0.00610251	-0.0135381	0.00832737	0.00251595	0.025019	0.024561	0.0202472	-0.0488295	0.00934587	0.013703	0.00611552	0.0199744	0.00992486	0.0332337	-0.0431298	-0.0240178	0.00246625	-0.00563876	0.0246341	-0.0113609	0.00698317	0.0397206	0.0251616	-0.072334	0.00636519	-0.0209182	-0.00467228	-0.0108623	-0.00427574	-0.00107631	0.0363559	0.00211917	0.0114191	0.0128756	0.0358601	0.0352811	0.00646973	-0.00623715	-0.0386695	0.0296242	0.00658448	0.037021	0.00254784	0.00524012	0.00989485	-0.0106683	-0.0431083	-0.0164119	0.00984033	-0.0136124	-0.00373742	0.0195898	-0.0392255	-0.0471533	0.0172164	0.00670616	-0.0264618	0.0141906	-0.0587534	0.000360628	-0.00616043	-0.0125958	0.0248883	0.0268986	0.00862866	0.00920619	0.00390466	0.0102203	-0.0482197	0.00611503	0.0189518	0.00466762	0.0130413	0.0128872
RIN	9.6	9.4	9.9	9.6	9.0	7.2	7.1	7.6	7.2	7.2	7.0	7.1	7.6	9.2	6.0	8.1	8.1	8.4	8.0	6.9	9.5	8.9	8.8	7.5	6.4	7.8	7.9	8.5	7.5	7.5	7.0	7.4	7.4	7.3	8.2	8.2	8.2	8.1	8.3	6.3	7.9	8.2	7.5	9.1	8.4	7.9	6.6	9.4	7.7	7.1	7.6	7.4	8.2	7.8	7.8	7.8	7.2	8.2	8.3	8.1	6.8	8.3	8.3	8.0	6.5	7.9	8.2	7.8	8.2	7.4	7.6	8.0	6.6	8.2	8.5	7.9	8.3	7.2	5.5	8.1	7.4	9.3	9.3	8.8	7.0	8.7	9.3	10.0	8.5	8.2	7.6	7.5	8.1	8.0	8.3	9.0	8.0	6.8	8.1	7.4	8.1	7.7	7.7	6.9	7.7	7.6	7.4	7.1	7.1	6.7	7.4	6.5	7.3	7.1	7.4	7.6	7.4	6.5	7.7	8.4	8.1	8.1	8.6	8.4	8.6	9.1	8.4	7.7	8.8	7.6	6.5	7.3	7.8	7.0	6.5	7.0	6.9	7.5	6.6	7.3	5.8	7.2	7.5	7.2	7.8	7.8	8.2	8.3	7.8	7.4	8.3	8.6	8.0	8.6	8.6	8.6	8.6	8.5	8.6	8.0	7.6	7.7	7.8	7.4	7.6	7.7	7.0	7.6	7.7	7.3	7.5	7.6	7.6	7.3	7.2	6.9	6.9	6.7	7.0	7.2	7.4	7.2	6.2	7.5	6.4	7.7	6.9	7.3	7.5	7.9	7.3	8.0	4.9	8.5	7.4	8.3	8.3	8.8	8.4	8.0	8.9	8.9	9.4	8.9	8.5	7.8	9.2	9.3	9.2	7.5	9.3	9.1	9.7	9.4	7.6	7.2	9.1	5.4	8.7	8.4	8.2	9.4	9.4	9.3	9.4	9.3	9.0	9.3	7.3
mito_rate	0.0283904836183317	0.021727563621094136	0.023619771036345515	0.031307352537006616	0.03161295558675304	0.04473714232009462	0.02541785808385885	0.020528131641367277	0.022410166536482614	0.03646212443333972	0.03379040140070166	0.026740652783198888	0.028870578520774508	0.023650017838013977	0.036475299348912936	0.022892291717280973	0.028684477933549446	0.057888359257905045	0.023512364439962467	0.04339279192459694	0.027944897597924942	0.012232077661340686	0.020338731294930842	0.007250487348893554	0.02291655399140435	0.027991075814136256	0.03952684420544942	0.016556010611466592	0.028821935891354133	0.0336761792924316	0.033680535281808144	0.039713111822098954	0.03157185558485119	0.014140758572127859	0.027791692305778402	0.028201357236057437	0.026588183160079725	0.0196189869399366	0.03253346657340165	0.0464084196674443	0.031783243391894526	0.026363460438098528	0.044244138120174345	0.035570780607676086	0.017884936520958898	0.04042414764116741	0.042531165910811415	0.03574573373127873	0.02416280877895389	0.030435458278973693	0.030403687343388382	0.04258706973981206	0.01835908546805345	0.027583983019635685	0.029640209514617055	0.008724341901982896	0.02626658427834976	0.034249399532960884	0.01806486496843165	0.01319853237637204	0.0280797686219931	0.02550057812016185	0.0462152290729175	0.02871357247726429	0.03160410139541147	0.022463841127392296	0.037476699607295605	0.0317204109836582	0.020404308616383433	0.017492308593915634	0.026040482226353502	0.024056208460914295	0.011883290768946187	0.01045149611294781	0.023283620270610306	0.01612959684514543	0.031712951761849136	0.012988728357377279	0.018226365168316685	0.025144372419643683	0.030304113164044716	0.033978864669681495	0.021141164902731414	0.019700520176212905	0.018523688733435562	0.02873786842177333	0.028856493280474124	0.023149541392298002	0.03269442466255244	0.036382571379022836	0.03998033739001828	0.03632821274293813	0.026732341142808272	0.01924185731532334	0.031470427451338004	0.022558999723796363	0.02190118069075703	0.029496743228279998	0.01058279923493447	0.021901478277454544	0.01624502044392845	0.02522218236852248	0.017150861838006293	0.026901362673396365	0.03138293098068801	0.02564930856138472	0.014350797535132442	0.015673198566976288	0.015401572132660924	0.036043082040555875	0.020392054839502502	0.013781244717019903	0.03258704003744498	0.02900498173699558	0.019354906158946753	0.01998783133589326	0.02778738965314805	0.0350217846881201	0.027917581372433647	0.02305783322551853	0.029768420402535058	0.029480219378494973	0.013914864137760679	0.02425276608549124	0.03094350509964252	0.032184899865700466	0.03246500569736567	0.014155964921387468	0.02428068412016902	0.030932557941472524	0.03172618714826867	0.02916400338265161	0.019761796089242726	0.03554807682736295	0.019620059666444648	0.026103580834063056	0.006739349270507673	0.037113271227873376	0.02782919513355923	0.021293824490743775	0.017677829779694166	0.016395462650892506	0.020170312970170533	0.02749739777321001	0.03473507333629322	0.027163304134650932	0.03145147843636896	0.02159519407239473	0.01853491665649972	0.02589489221146188	0.02644744531174136	0.027031397520311858	0.023566622374557755	0.029068823447396343	0.0332645328509642	0.050657150366431945	0.02668842569996396	0.025222151491353696	0.029453488609033244	0.029327593492875295	0.02587622434291015	0.043818375082173774	0.013714453176040517	0.02978244200150766	0.015849332807837395	0.024353012704623856	0.018621659982052844	0.026401927230342022	0.042654166970339503	0.021471297836913615	0.030538304025805218	0.026300144631668475	0.03224438908726244	0.028671212226762922	0.0365621339886397	0.028258450969758743	0.009016124802860993	0.03151880443651529	0.030075077465012194	0.026791853629905008	0.024519273357584935	0.015315467569239832	0.013992114848908773	0.018285907974185084	0.015562299783646665	0.02176681584536523	0.03688773939311865	0.025598800778081996	0.03119409151624766	0.022134292613213834	0.013243776884399238	0.02263561890148673	0.03252417471957534	0.04108175466187106	0.019115189847621096	0.026917936263778877	0.023187912305573277	0.009842228534974871	0.028373042402990937	0.02137097775658124	0.016894676132536972	0.0345238099679074	0.034473011221520335	0.0182137661654303	0.014888530350162285	0.018979326458641983	0.023605955658794926	0.025080497202600048	0.0361112494884664	0.03300504868338417	0.024495656895298965	0.028776017862293203	0.025913053585145184	0.02730190825484721	0.02758963169805049	0.033218026428609236	0.019868292426712012	0.04846607254642554	0.027746157228101944	0.023182598349231927	0.016544032396104334	0.01884855906468202	0.027146596274135584	0.03120078387982479	0.024226889561874864	0.03699435829783564	0.04324967283437988	0.02676331932296324	0.02630033852147128
mapping_rate	0.964728	0.975639	0.978205	0.971743	0.974465	0.977174	0.977412	0.976447	0.977087	0.971683	0.971422	0.975147	0.967296	0.975968	0.973616	0.973841	0.975716	0.976824	0.971859	0.978591	0.959691	0.968408	0.972771	0.971179	0.977913	0.972149	0.962168	0.966008	0.969659	0.976423	0.973276	0.974221	0.96464	0.968579	0.976331	0.972318	0.971484	0.977841	0.966946	0.97372	0.979516	0.967874	0.963261	0.973943	0.968387	0.979571	0.979415	0.974966	0.979745	0.973651	0.976297	0.973608	0.9768	0.96406	0.977119	0.970059	0.974606	0.979158	0.97395	0.975859	0.975767	0.974722	0.975554	0.978002	0.974717	0.974091	0.975742	0.972846	0.976014	0.975441	0.979287	0.965787	0.971973	0.962683	0.971218	0.977577	0.976412	0.973739	0.97384	0.972464	0.979808	0.971982	0.976686	0.981328	0.972949	0.966461	0.969256	0.976476	0.976181	0.977777	0.97546	0.974383	0.971246	0.971479	0.973146	0.973096	0.973794	0.973923	0.976825	0.975241	0.973885	0.972939	0.972272	0.970989	0.977348	0.978844	0.966689	0.972857	0.97592	0.972797	0.979811	0.968583	0.969757	0.977305	0.973853	0.972232	0.974565	0.972113	0.973196	0.968854	0.97046	0.972455	0.970804	0.964594	0.974874	0.97365	0.97499	0.972468	0.974947	0.972812	0.972551	0.972502	0.977673	0.97466	0.977076	0.977792	0.970592	0.978687	0.972433	0.973113	0.975521	0.974044	0.973468	0.977647	0.97619	0.974527	0.981138	0.971419	0.974106	0.982288	0.976732	0.970893	0.976739	0.971057	0.963807	0.97516	0.981348	0.978875	0.974559	0.979144	0.96985	0.965044	0.977154	0.972435	0.971112	0.974434	0.976039	0.973301	0.974645	0.97562	0.976864	0.978316	0.97432	0.97935	0.972751	0.971793	0.969992	0.977816	0.978878	0.967856	0.971655	0.980557	0.976988	0.973896	0.976309	0.966598	0.97213	0.975031	0.967842	0.964381	0.976387	0.973397	0.979391	0.959156	0.971871	0.979124	0.968781	0.977461	0.973655	0.970793	0.974979	0.968029	0.971639	0.974152	0.968341	0.979673	0.972089	0.971213	0.965897	0.974752	0.971209	0.975304	0.972852	0.974677	0.967793	0.978728	0.971727	0.970002	0.980002	0.968842	0.978991	0.970275	0.965594	0.976028	0.974805	0.961768	0.976772	0.971805	0.969149
Sex_M	1.0	0.0	1.0	0.0	0.0	1.0	1.0	1.0	1.0	1.0	1.0	1.0	1.0	0.0	1.0	1.0	1.0	1.0	1.0	1.0	1.0	1.0	1.0	1.0	1.0	1.0	1.0	1.0	1.0	1.0	1.0	1.0	1.0	1.0	1.0	1.0	1.0	1.0	0.0	1.0	1.0	1.0	1.0	1.0	1.0	1.0	1.0	1.0	1.0	1.0	1.0	1.0	1.0	0.0	1.0	1.0	0.0	1.0	1.0	1.0	1.0	0.0	1.0	1.0	1.0	0.0	1.0	0.0	1.0	0.0	1.0	1.0	1.0	1.0	0.0	1.0	1.0	1.0	1.0	0.0	1.0	1.0	0.0	1.0	0.0	1.0	1.0	1.0	1.0	1.0	1.0	1.0	1.0	1.0	1.0	0.0	1.0	0.0	0.0	0.0	1.0	1.0	1.0	0.0	0.0	1.0	1.0	1.0	1.0	0.0	0.0	0.0	0.0	0.0	0.0	1.0	1.0	1.0	1.0	1.0	0.0	0.0	0.0	0.0	1.0	1.0	1.0	1.0	1.0	1.0	1.0	1.0	0.0	0.0	1.0	0.0	0.0	1.0	1.0	1.0	0.0	1.0	0.0	0.0	1.0	1.0	1.0	0.0	1.0	0.0	0.0	1.0	0.0	1.0	0.0	0.0	1.0	1.0	1.0	1.0	1.0	1.0	0.0	0.0	1.0	1.0	1.0	0.0	0.0	0.0	1.0	1.0	1.0	0.0	1.0	1.0	1.0	1.0	1.0	1.0	1.0	0.0	1.0	0.0	1.0	1.0	1.0	1.0	1.0	1.0	0.0	1.0	0.0	1.0	1.0	0.0	1.0	1.0	1.0	0.0	1.0	0.0	1.0	0.0	1.0	0.0	1.0	0.0	1.0	1.0	1.0	1.0	1.0	0.0	1.0	1.0	1.0	0.0	1.0	1.0	1.0	1.0	1.0	1.0	1.0	1.0	1.0	1.0	0.0
Dx_Control	0.0	0.0	0.0	0.0	0.0	1.0	1.0	1.0	0.0	1.0	0.0	0.0	1.0	1.0	0.0	0.0	0.0	0.0	0.0	0.0	0.0	0.0	0.0	1.0	1.0	1.0	1.0	1.0	1.0	1.0	1.0	1.0	1.0	1.0	1.0	0.0	1.0	1.0	1.0	1.0	1.0	1.0	1.0	1.0	1.0	1.0	1.0	1.0	1.0	1.0	1.0	1.0	1.0	1.0	1.0	1.0	1.0	1.0	1.0	1.0	1.0	1.0	1.0	1.0	1.0	1.0	1.0	1.0	1.0	1.0	1.0	1.0	1.0	1.0	0.0	1.0	0.0	1.0	0.0	0.0	0.0	0.0	0.0	0.0	0.0	0.0	0.0	0.0	0.0	0.0	0.0	0.0	0.0	0.0	0.0	0.0	0.0	0.0	0.0	0.0	0.0	0.0	0.0	0.0	0.0	0.0	0.0	0.0	0.0	0.0	0.0	0.0	0.0	0.0	0.0	0.0	0.0	1.0	0.0	1.0	0.0	1.0	1.0	0.0	0.0	1.0	1.0	0.0	1.0	1.0	0.0	1.0	0.0	1.0	0.0	0.0	0.0	0.0	0.0	1.0	1.0	1.0	1.0	1.0	1.0	1.0	0.0	0.0	0.0	0.0	0.0	1.0	0.0	1.0	1.0	1.0	1.0	0.0	1.0	1.0	1.0	1.0	1.0	1.0	1.0	0.0	1.0	1.0	1.0	0.0	1.0	0.0	1.0	0.0	0.0	1.0	1.0	0.0	0.0	1.0	1.0	0.0	1.0	0.0	1.0	0.0	0.0	0.0	1.0	1.0	1.0	0.0	0.0	0.0	1.0	0.0	0.0	0.0	1.0	1.0	1.0	1.0	1.0	0.0	1.0	1.0	1.0	0.0	1.0	1.0	0.0	1.0	1.0	0.0	0.0	0.0	0.0	0.0	1.0	0.0	0.0	1.0	1.0	1.0	1.0	0.0	1.0	1.0	1.0
Dx_MDD	0.0	0.0	0.0	0.0	0.0	0.0	0.0	0.0	0.0	0.0	0.0	0.0	0.0	0.0	0.0	0.0	0.0	0.0	0.0	0.0	0.0	0.0	0.0	0.0	0.0	0.0	0.0	0.0	0.0	0.0	0.0	0.0	0.0	0.0	0.0	0.0	0.0	0.0	0.0	0.0	0.0	0.0	0.0	0.0	0.0	0.0	0.0	0.0	0.0	0.0	0.0	0.0	0.0	0.0	0.0	0.0	0.0	0.0	0.0	0.0	0.0	0.0	0.0	0.0	0.0	0.0	0.0	0.0	0.0	0.0	0.0	0.0	0.0	0.0	0.0	0.0	0.0	0.0	0.0	0.0	0.0	0.0	0.0	0.0	0.0	0.0	0.0	0.0	0.0	0.0	0.0	0.0	0.0	0.0	0.0	0.0	0.0	0.0	0.0	0.0	0.0	0.0	0.0	0.0	0.0	0.0	0.0	0.0	0.0	0.0	0.0	0.0	0.0	0.0	0.0	0.0	0.0	0.0	0.0	0.0	0.0	0.0	0.0	0.0	0.0	0.0	0.0	0.0	0.0	0.0	0.0	0.0	0.0	0.0	0.0	1.0	0.0	0.0	0.0	0.0	0.0	0.0	0.0	0.0	0.0	0.0	0.0	0.0	0.0	0.0	0.0	0.0	0.0	0.0	0.0	0.0	0.0	0.0	0.0	0.0	0.0	0.0	0.0	0.0	0.0	0.0	0.0	0.0	0.0	0.0	0.0	0.0	0.0	0.0	0.0	0.0	0.0	0.0	0.0	0.0	0.0	0.0	0.0	0.0	0.0	0.0	0.0	0.0	0.0	0.0	0.0	0.0	0.0	0.0	0.0	0.0	0.0	0.0	0.0	0.0	0.0	0.0	0.0	0.0	0.0	0.0	0.0	0.0	0.0	0.0	0.0	0.0	0.0	0.0	0.0	0.0	0.0	0.0	0.0	0.0	0.0	0.0	0.0	0.0	0.0	0.0	0.0	0.0	0.0
Dx_SCZD	1.0	1.0	1.0	1.0	1.0	0.0	0.0	0.0	1.0	0.0	1.0	1.0	0.0	0.0	1.0	1.0	1.0	1.0	1.0	1.0	1.0	1.0	1.0	0.0	0.0	0.0	0.0	0.0	0.0	0.0	0.0	0.0	0.0	0.0	0.0	1.0	0.0	0.0	0.0	0.0	0.0	0.0	0.0	0.0	0.0	0.0	0.0	0.0	0.0	0.0	0.0	0.0	0.0	0.0	0.0	0.0	0.0	0.0	0.0	0.0	0.0	0.0	0.0	0.0	0.0	0.0	0.0	0.0	0.0	0.0	0.0	0.0	0.0	0.0	0.0	0.0	1.0	0.0	1.0	1.0	0.0	0.0	0.0	0.0	0.0	0.0	0.0	0.0	0.0	0.0	0.0	0.0	0.0	0.0	0.0	0.0	0.0	0.0	0.0	0.0	0.0	0.0	0.0	0.0	0.0	0.0	0.0	0.0	0.0	0.0	0.0	0.0	0.0	0.0	0.0	0.0	0.0	0.0	1.0	0.0	1.0	0.0	0.0	1.0	1.0	0.0	0.0	1.0	0.0	0.0	1.0	0.0	1.0	0.0	1.0	0.0	1.0	1.0	1.0	0.0	0.0	0.0	0.0	0.0	0.0	0.0	1.0	1.0	1.0	1.0	1.0	0.0	1.0	0.0	0.0	0.0	0.0	1.0	0.0	0.0	0.0	0.0	0.0	0.0	0.0	1.0	0.0	0.0	0.0	1.0	0.0	1.0	0.0	1.0	1.0	0.0	0.0	1.0	1.0	0.0	0.0	1.0	0.0	1.0	0.0	1.0	1.0	1.0	0.0	0.0	0.0	1.0	1.0	1.0	0.0	0.0	1.0	1.0	0.0	0.0	0.0	0.0	0.0	1.0	0.0	0.0	0.0	1.0	0.0	0.0	1.0	0.0	0.0	1.0	1.0	1.0	1.0	1.0	0.0	1.0	1.0	0.0	0.0	0.0	0.0	1.0	0.0	0.0	0.0
